1;arms_factory;1267.00;10.05;1340.00;4.47;0
1;arms_factory;1317.00;11.25;1385.00;6.03;0
1;arms_factory;1286.00;11.73;1411.00;2.41;0
1;arms_factory;1270.00;10.60;1388.00;0.26;0
1;arms_factory;1324.00;11.75;1418.00;0.36;0
1;arms_factory;1269.00;10.50;1376.00;4.48;0
1;industrial_complex;1221.00;10.45;1419.00;0.86;0
1;industrial_complex;1277.00;10.70;1365.00;3.52;0
1;industrial_complex;1230.00;10.45;1400.00;0.26;0
1;industrial_complex;1292.00;11.65;1408.00;2.93;0
1;industrial_complex;1263.00;11.05;1457.00;5.59;0
1;industrial_complex;1308.00;11.20;1409.00;1.97;0
1;air_base;1274.00;10.75;1371.00;4.99;0
1;naval_base;1263.00;9.68;1336.00;-0.14;676
1;naval_base;1309.00;9.98;1355.00;0.30;676
1;naval_base;1233.00;9.73;1360.00;-1.29;676
1;naval_base;1224.00;9.73;1400.00;-0.55;676
1;naval_base;1316.00;9.50;1358.00;0.16;676
1;bunker;1256.00;10.75;1407.00;2.48;0
1;bunker;1218.00;10.75;1424.00;0.32;0
1;bunker;1263.00;10.75;1387.00;0.43;0
1;bunker;1264.00;11.05;1456.00;4.55;0
1;bunker;1309.00;10.50;1370.00;0.93;0
1;bunker;1271.00;10.00;1343.00;2.49;0
1;bunker;1300.00;11.90;1439.00;5.15;0
1;bunker;1319.00;10.88;1375.00;2.99;0
1;bunker;1315.00;11.73;1435.00;4.20;0
1;bunker;1247.00;10.40;1367.00;0.94;0
1;coastal_bunker;1274.00;9.68;1339.00;-0.14;0
1;coastal_bunker;1222.00;9.50;1401.00;-0.55;0
1;coastal_bunker;1284.00;9.50;1346.00;0.30;0
1;coastal_bunker;1233.00;9.73;1360.00;-1.29;0
1;coastal_bunker;1315.00;9.50;1358.00;0.16;0
1;dockyard;1266.00;10.00;1336.00;-0.14;0
1;anti_air_building;1296.00;11.65;1411.00;2.55;0
1;anti_air_building;1261.00;11.12;1464.00;4.11;0
1;anti_air_building;1308.00;11.40;1419.00;0.49;0
1;synthetic_refinery;1280.00;10.40;1376.00;3.15;0
1;fuel_silo;1324.00;11.50;1421.00;6.18;0
1;radar_station;1277.00;11.25;1400.00;3.24;0
1;rocket_site;1241.00;10.85;1400.00;5.22;0
1;nuclear_reactor;1279.00;10.00;1347.00;3.06;0
2;arms_factory;1740.00;10.00;1319.00;2.41;0
2;arms_factory;1714.00;10.10;1326.00;0.26;0
2;arms_factory;1675.00;10.98;1401.00;0.36;0
2;arms_factory;1674.00;11.00;1374.00;4.48;0
2;arms_factory;1659.00;10.25;1374.00;0.86;0
2;arms_factory;1740.00;10.10;1325.00;3.52;0
2;industrial_complex;1680.00;10.05;1455.00;0.26;0
2;industrial_complex;1708.00;10.25;1334.00;2.93;0
2;industrial_complex;1690.00;10.90;1382.00;5.59;0
2;industrial_complex;1703.00;10.30;1382.00;1.97;0
2;industrial_complex;1660.00;10.25;1384.00;4.99;0
2;industrial_complex;1696.00;10.10;1331.00;6.20;0
2;air_base;1658.00;10.20;1406.00;4.04;0
2;naval_base;1657.00;9.50;1386.00;-1.67;603
2;naval_base;1709.00;9.98;1394.00;-4.65;655
2;naval_base;1692.00;10.00;1434.00;1.57;603
2;naval_base;1665.00;9.98;1440.00;-2.23;603
2;naval_base;1727.00;9.50;1284.00;-0.84;579
2;naval_base;1690.00;9.98;1467.00;-2.82;603
2;naval_base;1679.00;10.05;1332.00;0.37;579
2;naval_base;1661.00;9.50;1444.00;-3.14;603
2;naval_base;1695.00;9.68;1327.00;-1.37;579
2;naval_base;1706.00;9.50;1327.00;0.79;579
2;naval_base;1724.00;9.50;1362.00;-3.61;655
2;naval_base;1710.00;9.68;1359.00;-4.58;655
2;bunker;1671.00;10.20;1440.00;0.94;0
2;bunker;1681.00;10.30;1415.00;3.60;0
2;bunker;1694.00;10.35;1410.00;6.26;0
2;bunker;1715.00;10.28;1332.00;4.10;0
2;bunker;1679.00;10.15;1327.00;5.66;0
2;bunker;1678.00;11.30;1376.00;2.05;0
2;bunker;1738.00;10.00;1362.00;4.71;0
2;bunker;1747.00;10.20;1302.00;2.55;0
2;bunker;1671.00;10.93;1379.00;4.11;0
2;bunker;1702.00;10.00;1325.00;0.49;0
2;bunker;1661.00;10.10;1454.00;3.15;0
2;bunker;1680.00;10.00;1474.00;6.18;0
2;coastal_bunker;1680.00;10.05;1331.00;0.37;0
2;coastal_bunker;1714.00;9.50;1312.00;-0.84;0
2;coastal_bunker;1704.00;9.95;1324.00;0.79;0
2;coastal_bunker;1658.00;9.50;1379.00;-1.67;0
2;coastal_bunker;1692.00;9.95;1439.00;1.57;0
2;coastal_bunker;1682.00;10.00;1477.00;-2.82;0
2;coastal_bunker;1665.00;9.98;1440.00;-2.23;0
2;coastal_bunker;1662.00;10.00;1458.00;-3.14;0
2;coastal_bunker;1692.00;9.50;1327.00;-1.37;0
2;coastal_bunker;1730.00;9.50;1371.00;-3.61;0
2;coastal_bunker;1696.00;10.00;1420.00;-3.46;0
2;coastal_bunker;1712.00;9.93;1361.00;-4.58;0
2;dockyard;1652.00;10.00;1367.00;-1.67;0
2;anti_air_building;1721.00;10.30;1323.00;0.56;0
2;anti_air_building;1665.00;10.40;1400.00;2.12;0
2;anti_air_building;1664.00;10.45;1372.00;6.24;0
2;synthetic_refinery;1660.00;10.38;1370.00;1.17;0
2;fuel_silo;1733.00;10.30;1324.00;5.29;0
2;radar_station;1701.00;10.38;1382.00;1.14;0
2;rocket_site;1713.00;10.28;1333.00;3.23;0
2;nuclear_reactor;1669.00;10.28;1436.00;5.89;0
3;arms_factory;865.00;11.70;2187.00;0.36;0
3;arms_factory;999.00;11.40;2219.00;4.48;0
3;arms_factory;868.00;12.15;2178.00;0.86;0
3;arms_factory;903.00;10.90;2233.00;3.52;0
3;arms_factory;882.00;12.70;2190.00;0.26;0
3;arms_factory;874.00;11.40;2203.00;2.93;0
3;industrial_complex;964.00;11.32;2233.00;5.59;0
3;industrial_complex;921.00;11.10;2239.00;1.97;0
3;industrial_complex;904.00;10.20;2254.00;4.99;0
3;industrial_complex;853.00;11.10;2208.00;6.20;0
3;industrial_complex;914.00;10.85;2262.00;4.04;0
3;industrial_complex;998.00;10.85;2242.00;0.42;0
3;air_base;913.00;11.00;2157.00;3.44;0
3;naval_base;981.00;10.00;2317.00;-3.68;663
3;naval_base;881.00;9.50;2287.00;-2.30;672
3;naval_base;920.00;10.05;2310.00;-3.61;663
3;naval_base;835.00;10.00;2246.00;-3.14;672
3;naval_base;1017.00;9.98;2270.00;-4.03;663
3;naval_base;937.00;9.78;2316.00;-3.32;663
3;naval_base;965.00;10.10;2314.00;-3.48;663
3;bunker;961.00;11.00;2259.00;5.15;0
3;bunker;862.00;10.95;2208.00;2.99;0
3;bunker;943.00;11.23;2291.00;4.20;0
3;bunker;979.00;10.93;2298.00;0.94;0
3;bunker;864.00;10.00;2257.00;3.60;0
3;bunker;952.00;12.15;2156.00;6.26;0
3;bunker;938.00;11.30;2241.00;4.10;0
3;bunker;916.00;10.70;2242.00;5.66;0
3;bunker;890.00;11.65;2218.00;2.05;0
3;bunker;970.00;11.30;2297.00;4.71;0
3;bunker;921.00;11.32;2146.00;2.55;0
3;bunker;981.00;11.00;2220.00;4.11;0
3;bunker;885.00;10.00;2278.00;0.49;0
3;bunker;896.00;12.30;2178.00;3.15;0
3;bunker;898.00;12.60;2193.00;6.18;0
3;bunker;926.00;11.00;2264.00;1.10;0
3;bunker;911.00;10.38;2296.00;5.22;0
3;bunker;1009.00;10.28;2273.00;3.06;0
3;bunker;926.00;11.80;2172.00;3.16;0
3;coastal_bunker;931.00;10.05;2314.00;-3.32;0
3;coastal_bunker;1004.00;10.15;2291.00;-3.68;0
3;coastal_bunker;872.00;9.50;2266.00;-2.30;0
3;coastal_bunker;846.00;9.73;2251.00;-3.14;0
3;coastal_bunker;1018.00;10.00;2267.00;-4.03;0
3;coastal_bunker;901.00;9.68;2298.00;-2.03;0
3;coastal_bunker;966.00;10.10;2314.00;-3.48;0
3;dockyard;843.00;9.98;2249.00;-3.14;0
3;anti_air_building;975.00;11.25;2211.00;4.18;0
3;anti_air_building;861.00;12.35;2167.00;0.56;0
3;anti_air_building;944.00;11.35;2244.00;2.12;0
3;synthetic_refinery;868.00;11.82;2185.00;6.24;0
3;fuel_silo;936.00;11.65;2229.00;1.17;0
3;radar_station;931.00;11.88;2222.00;4.49;0
3;rocket_site;905.00;11.35;2228.00;0.57;0
3;nuclear_reactor;909.00;10.65;2246.00;3.23;0
4;arms_factory;942.00;12.75;2079.00;0.86;0
4;arms_factory;900.00;12.15;2095.00;3.52;0
4;arms_factory;889.00;13.28;2064.00;0.26;0
4;arms_factory;918.00;12.80;2101.00;2.93;0
4;arms_factory;891.00;13.23;2069.00;5.59;0
4;arms_factory;923.00;11.80;2116.00;1.97;0
4;industrial_complex;907.00;13.00;2074.00;4.99;0
4;industrial_complex;903.00;10.68;2120.00;6.20;0
4;industrial_complex;877.00;13.32;2062.00;4.04;0
4;industrial_complex;931.00;12.43;2123.00;0.42;0
4;industrial_complex;865.00;12.62;2071.00;3.44;0
4;industrial_complex;937.00;12.80;2080.00;4.64;0
4;air_base;866.00;12.65;2067.00;2.48;0
4;bunker;925.00;12.40;2085.00;0.32;0
4;bunker;905.00;10.80;2119.00;0.43;0
4;bunker;881.00;13.10;2068.00;4.55;0
4;bunker;965.00;12.50;2139.00;0.93;0
4;bunker;875.00;12.00;2088.00;2.49;0
4;bunker;957.00;12.85;2105.00;5.15;0
4;anti_air_building;886.00;12.80;2073.00;2.99;0
4;anti_air_building;904.00;10.40;2124.00;4.20;0
4;anti_air_building;891.00;12.25;2079.00;0.94;0
4;synthetic_refinery;935.00;12.93;2122.00;3.60;0
4;fuel_silo;875.00;13.23;2068.00;6.26;0
4;radar_station;911.00;12.60;2100.00;4.46;0
4;rocket_site;870.00;12.62;2078.00;5.66;0
4;nuclear_reactor;913.00;12.70;2084.00;2.05;0
5;arms_factory;1064.00;10.45;2227.00;0.26;0
5;arms_factory;1030.00;11.30;2230.00;2.93;0
5;arms_factory;1109.00;10.30;2204.00;5.59;0
5;arms_factory;1115.00;10.30;2207.00;1.97;0
5;arms_factory;1027.00;11.25;2232.00;4.99;0
5;arms_factory;1104.00;10.23;2210.00;6.20;0
5;industrial_complex;1060.00;10.70;2217.00;4.04;0
5;industrial_complex;1062.00;10.10;2233.00;0.42;0
5;industrial_complex;1007.00;11.35;2221.00;3.44;0
5;industrial_complex;1024.00;12.80;2172.00;4.64;0
5;industrial_complex;1021.00;11.05;2236.00;2.48;0
5;industrial_complex;1013.00;12.60;2191.00;0.32;0
5;air_base;997.00;12.85;2174.00;0.43;0
5;naval_base;1040.00;10.20;2251.00;-3.71;663
5;naval_base;1073.00;10.00;2227.00;-3.36;663
5;naval_base;1117.00;9.73;2225.00;-2.92;663
5;bunker;1121.00;10.30;2213.00;5.15;0
5;bunker;1088.00;11.55;2164.00;2.99;0
5;bunker;1002.00;12.60;2181.00;4.20;0
5;bunker;1121.00;10.35;2201.00;0.94;0
5;bunker;1024.00;12.68;2180.00;3.60;0
5;bunker;1058.00;10.15;2234.00;6.26;0
5;bunker;1060.00;11.15;2198.00;4.10;0
5;bunker;1080.00;10.65;2211.00;5.66;0
5;bunker;1020.00;11.55;2222.00;2.05;0
5;coastal_bunker;1033.00;10.00;2259.00;-3.71;0
5;coastal_bunker;1100.00;10.00;2218.00;-3.36;0
5;coastal_bunker;1111.00;9.98;2220.00;-2.92;0
5;dockyard;1069.00;10.05;2230.00;-3.36;0
5;anti_air_building;1043.00;10.70;2241.00;3.15;0
5;anti_air_building;1065.00;12.60;2159.00;6.18;0
5;anti_air_building;1037.00;12.65;2178.00;1.10;0
5;synthetic_refinery;1029.00;10.90;2244.00;5.22;0
5;fuel_silo;1023.00;12.00;2205.00;3.06;0
5;radar_station;1058.00;10.98;2204.00;5.41;0
5;rocket_site;1024.00;10.95;2247.00;1.00;0
5;nuclear_reactor;1038.00;11.85;2207.00;3.67;0
6;arms_factory;1000.00;13.25;2142.00;5.59;0
6;arms_factory;975.00;12.05;2080.00;1.97;0
6;arms_factory;1016.00;12.18;2137.00;4.99;0
6;arms_factory;965.00;13.18;2073.00;6.20;0
6;arms_factory;1040.00;13.05;2084.00;4.04;0
6;arms_factory;1064.00;12.88;2140.00;0.42;0
6;industrial_complex;1073.00;12.10;2080.00;3.44;0
6;industrial_complex;1001.00;12.95;2102.00;4.64;0
6;industrial_complex;1016.00;12.40;2145.00;2.48;0
6;industrial_complex;1005.00;12.88;2096.00;0.32;0
6;industrial_complex;986.00;13.30;2118.00;0.43;0
6;industrial_complex;1013.00;12.73;2089.00;4.55;0
6;air_base;991.00;13.30;2112.00;0.93;0
6;bunker;1058.00;12.75;2109.00;2.49;0
6;bunker;1006.00;13.20;2161.00;5.15;0
6;bunker;990.00;12.70;2091.00;2.99;0
6;bunker;1008.00;12.70;2116.00;4.20;0
6;bunker;1085.00;13.60;2117.00;0.94;0
6;bunker;1097.00;12.75;2135.00;3.60;0
6;bunker;1045.00;12.60;2099.00;6.26;0
6;anti_air_building;1101.00;13.50;2112.00;4.10;0
6;anti_air_building;1014.00;12.32;2140.00;5.66;0
6;anti_air_building;960.00;12.60;2078.00;2.05;0
6;synthetic_refinery;1061.00;12.62;2084.00;4.71;0
6;fuel_silo;954.00;12.73;2070.00;2.55;0
6;radar_station;1032.00;13.18;2121.00;4.76;0
6;rocket_site;1063.00;13.10;2134.00;0.49;0
6;nuclear_reactor;1014.00;12.68;2148.00;3.15;0
7;arms_factory;844.00;14.25;2001.00;4.99;0
7;arms_factory;949.00;10.95;2019.00;6.20;0
7;arms_factory;909.00;10.20;1968.00;4.04;0
7;arms_factory;892.00;12.23;2012.00;0.42;0
7;arms_factory;902.00;10.32;1965.00;3.44;0
7;arms_factory;968.00;11.82;2015.00;4.64;0
7;industrial_complex;875.00;12.75;2018.00;2.48;0
7;industrial_complex;975.00;12.15;2012.00;0.32;0
7;industrial_complex;903.00;10.98;1988.00;0.43;0
7;industrial_complex;988.00;12.20;2009.00;4.55;0
7;industrial_complex;923.00;11.20;1985.00;0.93;0
7;industrial_complex;979.00;13.70;2047.00;2.49;0
7;air_base;903.00;10.60;1983.00;5.15;0
7;bunker;967.00;12.70;2038.00;2.99;0
7;bunker;903.00;11.28;1991.00;4.20;0
7;bunker;980.00;11.55;1949.00;0.94;0
7;bunker;916.00;14.12;2048.00;3.60;0
7;bunker;963.00;10.90;1943.00;6.26;0
7;bunker;897.00;11.55;1994.00;4.10;0
7;bunker;936.00;10.15;2006.00;5.66;0
7;bunker;967.00;10.82;1962.00;2.05;0
7;bunker;928.00;13.57;2058.00;4.71;0
7;bunker;850.00;14.98;1991.00;2.55;0
7;bunker;848.00;12.25;2045.00;4.11;0
7;bunker;947.00;10.50;1976.00;0.49;0
7;bunker;1022.00;10.78;1960.00;3.15;0
7;bunker;980.00;11.32;1990.00;6.18;0
7;anti_air_building;983.00;11.32;1962.00;1.10;0
7;anti_air_building;924.00;10.23;1959.00;5.22;0
7;anti_air_building;855.00;10.90;2021.00;3.06;0
7;synthetic_refinery;914.00;12.00;1955.00;3.16;0
7;fuel_silo;979.00;11.75;2008.00;1.00;0
7;radar_station;929.00;10.70;2000.00;3.54;0
7;rocket_site;951.00;10.60;2006.00;0.05;0
7;nuclear_reactor;892.00;12.62;2018.00;1.61;0
8;arms_factory;979.00;12.82;2063.00;4.04;0
8;arms_factory;1029.00;13.75;2062.00;0.42;0
8;arms_factory;1031.00;11.78;1972.00;3.44;0
8;arms_factory;1015.00;13.82;2045.00;4.64;0
8;arms_factory;1028.00;12.40;1987.00;2.48;0
8;arms_factory;1040.00;13.30;2026.00;0.32;0
8;industrial_complex;986.00;12.70;2064.00;0.43;0
8;industrial_complex;971.00;13.18;2068.00;4.55;0
8;industrial_complex;1015.00;11.05;1973.00;0.93;0
8;industrial_complex;999.00;13.28;2046.00;2.49;0
8;industrial_complex;1028.00;13.73;2048.00;5.15;0
8;industrial_complex;1042.00;13.20;2027.00;2.99;0
8;air_base;1024.00;14.20;2026.00;4.20;0
8;bunker;970.00;13.15;2069.00;0.94;0
8;bunker;1055.00;12.32;2022.00;3.60;0
8;bunker;1072.00;12.50;2012.00;6.26;0
8;bunker;1005.00;11.85;1989.00;4.10;0
8;bunker;1033.00;13.00;1992.00;5.66;0
8;bunker;1004.00;13.25;2045.00;2.05;0
8;bunker;1028.00;13.88;2055.00;4.71;0
8;bunker;1039.00;13.15;2034.00;2.55;0
8;anti_air_building;1044.00;13.00;2009.00;4.11;0
8;anti_air_building;1043.00;13.00;2013.00;0.49;0
8;anti_air_building;1072.00;11.80;2001.00;3.15;0
8;synthetic_refinery;1032.00;11.10;1955.00;6.18;0
8;fuel_silo;1047.00;11.70;1962.00;1.10;0
8;radar_station;1032.00;13.05;2016.00;6.18;0
8;rocket_site;1079.00;12.18;1977.00;3.06;0
8;nuclear_reactor;1044.00;12.90;2014.00;3.16;0
9;arms_factory;990.00;11.73;1908.00;3.44;0
9;arms_factory;1036.00;13.05;1875.00;4.64;0
9;arms_factory;1004.00;10.95;1925.00;2.48;0
9;arms_factory;1058.00;11.50;1957.00;0.32;0
9;arms_factory;1132.00;11.50;1932.00;0.43;0
9;arms_factory;1097.00;13.62;1905.00;4.55;0
9;industrial_complex;1074.00;13.00;1860.00;0.93;0
9;industrial_complex;1081.00;14.20;1892.00;2.49;0
9;industrial_complex;1023.00;15.05;1830.00;5.15;0
9;industrial_complex;1030.00;11.20;1936.00;2.99;0
9;industrial_complex;1010.00;17.68;1864.00;4.20;0
9;industrial_complex;1051.00;12.62;1925.00;0.94;0
9;air_base;1136.00;10.50;1916.00;3.60;0
9;bunker;1060.00;13.57;1877.00;6.26;0
9;bunker;1152.00;10.30;1916.00;4.10;0
9;bunker;976.00;12.88;1897.00;5.66;0
9;bunker;1102.00;12.70;1954.00;2.05;0
9;bunker;1002.00;11.07;1902.00;4.71;0
9;bunker;1002.00;17.90;1829.00;2.55;0
9;bunker;1047.00;13.05;1857.00;4.11;0
9;bunker;1086.00;13.85;1877.00;0.49;0
9;bunker;1052.00;13.35;1888.00;3.15;0
9;bunker;1016.00;14.65;1878.00;6.18;0
9;bunker;1040.00;11.40;1949.00;1.10;0
9;anti_air_building;1031.00;12.10;1922.00;5.22;0
9;anti_air_building;1053.00;11.65;1951.00;3.06;0
9;anti_air_building;1075.00;14.18;1907.00;3.16;0
9;synthetic_refinery;1144.00;10.30;1908.00;1.00;0
9;fuel_silo;1074.00;12.38;1854.00;3.67;0
9;radar_station;1067.00;14.12;1883.00;1.30;0
9;rocket_site;1024.00;15.05;1825.00;1.61;0
9;nuclear_reactor;1010.00;10.50;1931.00;5.73;0
10;arms_factory;1031.00;14.43;1771.00;2.48;0
10;arms_factory;1090.00;12.28;1804.00;0.32;0
10;arms_factory;1096.00;12.12;1834.00;0.43;0
10;arms_factory;1159.00;10.00;1897.00;4.55;0
10;arms_factory;1084.00;15.32;1785.00;0.93;0
10;arms_factory;1073.00;13.20;1795.00;2.49;0
10;industrial_complex;1128.00;13.12;1856.00;5.15;0
10;industrial_complex;1158.00;10.00;1880.00;2.99;0
10;industrial_complex;1010.00;13.43;1788.00;4.20;0
10;industrial_complex;1043.00;15.32;1766.00;0.94;0
10;industrial_complex;1129.00;11.75;1810.00;3.60;0
10;industrial_complex;1083.00;11.35;1832.00;6.26;0
10;air_base;1075.00;11.95;1815.00;4.10;0
10;bunker;1091.00;16.35;1781.00;5.66;0
10;bunker;1134.00;12.25;1799.00;2.05;0
10;bunker;1062.00;13.05;1838.00;4.71;0
10;bunker;1130.00;13.23;1755.00;2.55;0
10;bunker;1108.00;13.00;1846.00;4.11;0
10;bunker;1014.00;16.20;1755.00;0.49;0
10;bunker;1133.00;13.25;1855.00;3.15;0
10;bunker;1067.00;16.30;1782.00;6.18;0
10;bunker;1035.00;15.75;1788.00;1.10;0
10;bunker;1126.00;11.60;1882.00;5.22;0
10;bunker;1115.00;13.00;1872.00;3.06;0
10;anti_air_building;1014.00;16.20;1757.00;3.16;0
10;anti_air_building;1032.00;15.80;1807.00;1.00;0
10;anti_air_building;1116.00;14.65;1758.00;3.67;0
10;synthetic_refinery;1112.00;13.45;1857.00;0.05;0
10;fuel_silo;1131.00;11.80;1803.00;1.61;0
10;radar_station;1065.00;12.23;1824.00;5.72;0
10;rocket_site;1098.00;12.15;1811.00;0.65;0
10;nuclear_reactor;1068.00;12.45;1844.00;4.78;0
11;arms_factory;1109.00;11.45;2147.00;0.43;0
11;arms_factory;1219.00;10.20;2241.00;4.55;0
11;arms_factory;1227.00;11.25;2137.00;0.93;0
11;arms_factory;1191.00;10.00;2265.00;2.49;0
11;arms_factory;1223.00;12.12;2108.00;5.15;0
11;arms_factory;1144.00;10.90;2201.00;2.99;0
11;industrial_complex;1194.00;11.32;2208.00;4.20;0
11;industrial_complex;1155.00;11.23;2169.00;0.94;0
11;industrial_complex;1222.00;11.75;2166.00;3.60;0
11;industrial_complex;1206.00;11.43;2213.00;6.26;0
11;industrial_complex;1179.00;10.93;2195.00;4.10;0
11;industrial_complex;1168.00;11.90;2125.00;5.66;0
11;air_base;1207.00;10.78;2234.00;2.05;0
11;naval_base;1238.00;10.15;2230.00;-4.18;612
11;naval_base;1195.00;9.95;2262.00;-2.78;663
11;naval_base;1131.00;9.95;2232.00;-2.86;663
11;naval_base;1226.00;10.00;2236.00;1.29;612
11;naval_base;1173.00;9.68;2229.00;-2.23;663
11;naval_base;1249.00;10.00;2213.00;-3.41;612
11;bunker;1172.00;10.93;2154.00;1.10;0
11;bunker;1231.00;11.35;2152.00;5.22;0
11;bunker;1188.00;10.60;2235.00;3.06;0
11;bunker;1156.00;12.70;2130.00;3.16;0
11;bunker;1155.00;10.60;2209.00;1.00;0
11;bunker;1192.00;10.43;2247.00;3.67;0
11;bunker;1245.00;11.05;2200.00;0.05;0
11;bunker;1212.00;10.15;2247.00;1.61;0
11;bunker;1206.00;11.43;2218.00;5.73;0
11;bunker;1158.00;12.32;2138.00;0.65;0
11;bunker;1202.00;12.18;2140.00;4.78;0
11;bunker;1189.00;11.43;2177.00;0.06;0
11;bunker;1112.00;11.38;2150.00;4.18;0
11;bunker;1125.00;12.73;2128.00;0.56;0
11;bunker;1134.00;12.60;2103.00;2.12;0
11;bunker;1157.00;12.90;2107.00;6.24;0
11;coastal_bunker;1175.00;9.98;2264.00;-2.78;0
11;coastal_bunker;1237.00;10.05;2232.00;1.29;0
11;coastal_bunker;1251.00;10.00;2212.00;-3.41;0
11;coastal_bunker;1141.00;10.00;2232.00;-2.23;0
11;coastal_bunker;1243.00;10.00;2221.00;-4.18;0
11;coastal_bunker;1129.00;10.05;2232.00;-2.86;0
11;dockyard;1250.00;10.00;2212.00;-3.41;0
11;anti_air_building;1200.00;11.90;2170.00;1.68;0
11;anti_air_building;1202.00;11.55;2216.00;5.80;0
11;anti_air_building;1199.00;11.50;2198.00;0.72;0
11;synthetic_refinery;1173.00;10.50;2216.00;3.74;0
11;fuel_silo;1205.00;10.50;2239.00;0.12;0
11;radar_station;1179.00;11.28;2173.00;3.96;0
11;rocket_site;1148.00;11.40;2142.00;4.35;0
11;nuclear_reactor;1193.00;12.40;2107.00;2.19;0
12;arms_factory;1167.00;13.70;2005.00;0.93;0
12;arms_factory;1087.00;12.20;2057.00;2.49;0
12;arms_factory;1108.00;12.30;2067.00;5.15;0
12;arms_factory;1127.00;12.32;2046.00;2.99;0
12;arms_factory;1085.00;12.30;2066.00;4.20;0
12;arms_factory;1100.00;12.40;2059.00;0.94;0
12;industrial_complex;1149.00;12.85;2072.00;3.60;0
12;industrial_complex;1174.00;13.15;1951.00;6.26;0
12;industrial_complex;1139.00;12.85;1957.00;4.10;0
12;industrial_complex;1156.00;12.90;2081.00;5.66;0
12;industrial_complex;1116.00;12.73;2061.00;2.05;0
12;industrial_complex;1184.00;12.55;1965.00;4.71;0
12;air_base;1121.00;12.78;2005.00;2.55;0
12;bunker;1117.00;12.25;2051.00;4.11;0
12;bunker;1132.00;12.00;1949.00;0.49;0
12;bunker;1157.00;13.30;1961.00;3.15;0
12;bunker;1139.00;13.40;1980.00;6.18;0
12;bunker;1127.00;12.30;2013.00;1.10;0
12;bunker;1153.00;13.10;2074.00;5.22;0
12;bunker;1071.00;11.80;2049.00;3.06;0
12;bunker;1079.00;12.35;2012.00;3.16;0
12;bunker;1162.00;13.15;2002.00;1.00;0
12;bunker;1088.00;12.28;2051.00;3.67;0
12;bunker;1186.00;13.10;1993.00;0.05;0
12;bunker;1139.00;11.48;1940.00;1.61;0
12;bunker;1133.00;12.68;2076.00;5.73;0
12;bunker;1111.00;13.45;1972.00;0.65;0
12;anti_air_building;1104.00;11.85;2025.00;4.78;0
12;anti_air_building;1146.00;12.18;2051.00;0.06;0
12;anti_air_building;1178.00;13.23;1989.00;4.18;0
12;synthetic_refinery;1066.00;12.15;2058.00;0.56;0
12;fuel_silo;1145.00;12.68;2060.00;2.12;0
12;radar_station;1132.00;12.38;2013.00;5.25;0
12;rocket_site;1187.00;13.38;2007.00;1.17;0
12;nuclear_reactor;1112.00;12.35;1989.00;5.29;0
13;arms_factory;1273.00;12.23;2045.00;5.15;0
13;arms_factory;1251.00;11.30;2119.00;2.99;0
13;arms_factory;1242.00;12.90;2080.00;4.20;0
13;arms_factory;1257.00;12.30;2042.00;0.94;0
13;arms_factory;1237.00;13.00;2034.00;3.60;0
13;arms_factory;1267.00;12.25;2048.00;6.26;0
13;industrial_complex;1185.00;12.70;2062.00;4.10;0
13;industrial_complex;1250.00;12.30;2051.00;5.66;0
13;industrial_complex;1229.00;11.75;2044.00;2.05;0
13;industrial_complex;1224.00;13.25;2014.00;4.71;0
13;industrial_complex;1216.00;12.30;2072.00;2.55;0
13;industrial_complex;1187.00;12.70;2063.00;4.11;0
13;air_base;1231.00;13.20;2030.00;0.49;0
13;bunker;1204.00;12.50;2023.00;3.15;0
13;bunker;1248.00;12.80;2061.00;6.18;0
13;bunker;1232.00;12.32;2092.00;1.10;0
13;bunker;1200.00;12.30;2066.00;5.22;0
13;bunker;1223.00;11.82;2043.00;3.06;0
13;bunker;1263.00;12.50;2070.00;3.16;0
13;bunker;1238.00;11.40;2118.00;1.00;0
13;anti_air_building;1183.00;13.10;2049.00;3.67;0
13;anti_air_building;1258.00;13.10;2087.00;0.05;0
13;anti_air_building;1186.00;13.23;2096.00;1.61;0
13;synthetic_refinery;1175.00;13.40;2090.00;5.73;0
13;fuel_silo;1196.00;13.00;2029.00;0.65;0
13;radar_station;1231.00;12.80;2069.00;4.95;0
13;rocket_site;1257.00;13.10;2088.00;0.06;0
13;nuclear_reactor;1187.00;13.15;2097.00;4.18;0
14;arms_factory;1294.00;12.40;2038.00;4.20;0
14;arms_factory;1242.00;12.50;1977.00;0.94;0
14;arms_factory;1300.00;13.35;1988.00;3.60;0
14;arms_factory;1278.00;12.38;1914.00;6.26;0
14;arms_factory;1268.00;13.30;1942.00;4.10;0
14;arms_factory;1242.00;13.45;2019.00;5.66;0
14;industrial_complex;1272.00;13.80;2013.00;2.05;0
14;industrial_complex;1264.00;13.40;1973.00;4.71;0
14;industrial_complex;1225.00;11.50;1906.00;2.55;0
14;industrial_complex;1309.00;12.62;1928.00;4.11;0
14;industrial_complex;1275.00;13.30;1982.00;0.49;0
14;industrial_complex;1207.00;12.10;1968.00;3.15;0
14;air_base;1300.00;12.10;1871.00;6.18;0
14;bunker;1336.00;11.60;1906.00;1.10;0
14;bunker;1323.00;12.95;1942.00;5.22;0
14;bunker;1295.00;13.35;1987.00;3.06;0
14;bunker;1202.00;11.10;1931.00;3.16;0
14;bunker;1232.00;13.40;2002.00;1.00;0
14;bunker;1212.00;12.50;1969.00;3.67;0
14;bunker;1220.00;13.10;1978.00;0.05;0
14;bunker;1270.00;14.20;2003.00;1.61;0
14;bunker;1297.00;13.38;2007.00;5.73;0
14;bunker;1285.00;13.70;1944.00;0.65;0
14;bunker;1253.00;13.65;1921.00;4.78;0
14;bunker;1202.00;10.20;1891.00;0.06;0
14;bunker;1256.00;13.88;1948.00;4.18;0
14;bunker;1289.00;13.62;1950.00;0.56;0
14;anti_air_building;1191.00;11.85;1933.00;2.12;0
14;anti_air_building;1300.00;12.45;1929.00;6.24;0
14;anti_air_building;1241.00;12.80;1959.00;1.17;0
14;synthetic_refinery;1310.00;13.18;1939.00;5.29;0
14;fuel_silo;1210.00;12.75;1987.00;0.57;0
14;radar_station;1257.00;13.78;1958.00;3.73;0
14;rocket_site;1226.00;12.23;1923.00;5.89;0
14;nuclear_reactor;1295.00;13.35;1980.00;3.73;0
15;arms_factory;1434.00;13.40;1989.00;3.60;0
15;arms_factory;1359.00;12.80;2010.00;6.26;0
15;arms_factory;1358.00;12.70;2005.00;4.10;0
15;arms_factory;1350.00;12.82;2028.00;5.66;0
15;arms_factory;1395.00;12.90;1988.00;2.05;0
15;arms_factory;1386.00;12.70;1985.00;4.71;0
15;industrial_complex;1365.00;12.20;1958.00;2.55;0
15;industrial_complex;1424.00;13.60;1989.00;4.11;0
15;industrial_complex;1354.00;12.73;2016.00;0.49;0
15;industrial_complex;1349.00;12.70;2005.00;3.15;0
15;industrial_complex;1364.00;12.12;1989.00;6.18;0
15;industrial_complex;1338.00;13.18;2021.00;1.10;0
15;air_base;1377.00;12.60;1985.00;5.22;0
15;bunker;1356.00;12.50;1958.00;3.06;0
15;bunker;1307.00;13.23;2008.00;3.16;0
15;bunker;1365.00;12.18;1989.00;1.00;0
15;bunker;1437.00;13.75;1954.00;3.67;0
15;bunker;1384.00;12.30;2011.00;0.05;0
15;bunker;1296.00;12.15;2051.00;1.61;0
15;bunker;1337.00;13.20;2031.00;5.73;0
15;bunker;1408.00;13.70;1981.00;0.65;0
15;anti_air_building;1424.00;13.40;1999.00;4.78;0
15;anti_air_building;1444.00;13.45;1981.00;0.06;0
15;anti_air_building;1363.00;12.60;2004.00;4.18;0
15;synthetic_refinery;1360.00;12.40;1999.00;0.56;0
15;fuel_silo;1336.00;13.30;2020.00;2.12;0
15;radar_station;1369.00;12.65;2004.00;5.25;0
15;rocket_site;1395.00;12.82;1981.00;1.17;0
15;nuclear_reactor;1430.00;13.40;1998.00;5.29;0
16;arms_factory;1361.00;11.40;1880.00;4.10;0
16;arms_factory;1404.00;13.25;1931.00;5.66;0
16;arms_factory;1362.00;13.23;1915.00;2.05;0
16;arms_factory;1389.00;13.45;1929.00;4.71;0
16;arms_factory;1346.00;12.00;1909.00;2.55;0
16;arms_factory;1375.00;11.30;1879.00;4.11;0
16;industrial_complex;1364.00;11.73;1861.00;0.49;0
16;industrial_complex;1409.00;12.18;1902.00;3.15;0
16;industrial_complex;1374.00;11.30;1877.00;6.18;0
16;industrial_complex;1392.00;10.82;1881.00;1.10;0
16;industrial_complex;1427.00;13.15;1929.00;5.22;0
16;industrial_complex;1366.00;11.78;1860.00;3.06;0
16;air_base;1346.00;13.20;1948.00;3.16;0
16;bunker;1365.00;11.90;1858.00;1.00;0
16;bunker;1354.00;12.75;1915.00;3.67;0
16;bunker;1332.00;12.25;1877.00;0.05;0
16;bunker;1391.00;10.68;1879.00;1.61;0
16;bunker;1425.00;12.62;1918.00;5.73;0
16;bunker;1402.00;12.70;1910.00;0.65;0
16;bunker;1380.00;13.82;1935.00;4.78;0
16;anti_air_building;1414.00;12.00;1900.00;0.06;0
16;anti_air_building;1340.00;11.50;1896.00;4.18;0
16;anti_air_building;1355.00;13.15;1930.00;0.56;0
16;synthetic_refinery;1374.00;13.40;1916.00;2.12;0
16;fuel_silo;1419.00;13.80;1948.00;6.24;0
16;radar_station;1383.00;11.88;1901.00;3.02;0
16;rocket_site;1340.00;11.45;1881.00;5.29;0
16;nuclear_reactor;1362.00;13.18;1929.00;0.57;0
17;arms_factory;1293.00;11.95;2169.00;2.05;0
17;arms_factory;1266.00;10.30;2203.00;4.71;0
17;arms_factory;1269.00;12.10;2176.00;2.55;0
17;arms_factory;1355.00;10.43;2209.00;4.11;0
17;arms_factory;1285.00;11.60;2184.00;0.49;0
17;arms_factory;1377.00;11.70;2097.00;3.15;0
17;industrial_complex;1334.00;11.90;2185.00;6.18;0
17;industrial_complex;1353.00;11.65;2109.00;1.10;0
17;industrial_complex;1377.00;11.15;2129.00;5.22;0
17;industrial_complex;1268.00;12.82;2089.00;3.06;0
17;industrial_complex;1381.00;11.30;2144.00;3.16;0
17;industrial_complex;1350.00;11.35;2104.00;1.00;0
17;air_base;1281.00;12.35;2151.00;3.67;0
17;naval_base;1386.00;9.95;2193.00;-3.80;612
17;naval_base;1269.00;10.10;2205.00;-3.25;612
17;naval_base;1331.00;10.05;2217.00;-3.25;612
17;naval_base;1411.00;10.00;2159.00;-4.49;573
17;naval_base;1308.00;9.78;2211.00;-3.14;612
17;bunker;1318.00;12.68;2167.00;0.06;0
17;bunker;1320.00;10.45;2205.00;4.18;0
17;bunker;1297.00;12.35;2140.00;0.56;0
17;bunker;1362.00;11.55;2114.00;2.12;0
17;bunker;1359.00;11.78;2163.00;6.24;0
17;bunker;1319.00;10.40;2101.00;1.17;0
17;bunker;1260.00;12.15;2173.00;5.29;0
17;bunker;1343.00;11.60;2133.00;0.57;0
17;bunker;1278.00;12.05;2130.00;3.23;0
17;bunker;1388.00;10.32;2177.00;5.89;0
17;bunker;1349.00;10.45;2211.00;3.73;0
17;bunker;1394.00;10.50;2158.00;3.84;0
17;bunker;1419.00;10.65;2131.00;1.68;0
17;bunker;1239.00;11.35;2155.00;5.80;0
17;bunker;1280.00;10.70;2200.00;0.72;0
17;coastal_bunker;1380.00;10.00;2201.00;-3.80;0
17;coastal_bunker;1398.00;10.05;2177.00;-2.98;0
17;coastal_bunker;1282.00;10.00;2211.00;-3.25;0
17;coastal_bunker;1352.00;10.05;2217.00;-3.25;0
17;coastal_bunker;1318.00;10.05;2212.00;-3.14;0
17;dockyard;1383.00;9.98;2201.00;-3.80;0
17;anti_air_building;1370.00;11.20;2164.00;1.23;0
17;anti_air_building;1261.00;10.85;2195.00;2.79;0
17;anti_air_building;1387.00;10.38;2176.00;0.63;0
17;synthetic_refinery;1279.00;10.45;2202.00;3.30;0
17;fuel_silo;1281.00;11.78;2175.00;5.96;0
17;radar_station;1328.00;12.80;2151.00;2.74;0
17;rocket_site;1285.00;11.93;2118.00;3.90;0
17;nuclear_reactor;1378.00;11.70;2095.00;1.74;0
18;arms_factory;1320.00;10.90;2082.00;2.55;0
18;arms_factory;1417.00;11.70;2091.00;4.11;0
18;arms_factory;1398.00;11.65;2067.00;0.49;0
18;arms_factory;1399.00;11.75;2033.00;3.15;0
18;arms_factory;1485.00;11.20;2068.00;6.18;0
18;arms_factory;1373.00;12.15;2070.00;1.10;0
18;industrial_complex;1381.00;11.73;2057.00;5.22;0
18;industrial_complex;1499.00;10.70;2023.00;3.06;0
18;industrial_complex;1330.00;11.20;2062.00;3.16;0
18;industrial_complex;1456.00;10.30;2059.00;1.00;0
18;industrial_complex;1468.00;10.60;2050.00;3.67;0
18;industrial_complex;1431.00;13.45;2012.00;0.05;0
18;air_base;1417.00;13.12;2015.00;1.61;0
18;naval_base;1466.00;10.05;2098.00;-3.39;573
18;naval_base;1441.00;10.00;2109.00;-3.34;573
18;naval_base;1524.00;10.10;2073.00;1.45;578
18;naval_base;1524.00;10.10;2072.00;-3.93;578
18;bunker;1529.00;10.20;2052.00;4.18;0
18;bunker;1389.00;12.30;2076.00;0.56;0
18;bunker;1389.00;11.80;2060.00;2.12;0
18;bunker;1508.00;10.23;2090.00;6.24;0
18;bunker;1332.00;11.20;2061.00;1.17;0
18;bunker;1438.00;10.93;2097.00;5.29;0
18;bunker;1416.00;11.00;2054.00;0.57;0
18;bunker;1484.00;10.65;2084.00;3.23;0
18;bunker;1474.00;10.80;2055.00;5.89;0
18;bunker;1477.00;10.73;2040.00;3.73;0
18;bunker;1450.00;10.75;2072.00;3.84;0
18;bunker;1416.00;11.50;2086.00;1.68;0
18;bunker;1410.00;11.00;2061.00;5.80;0
18;bunker;1439.00;13.60;2007.00;0.72;0
18;coastal_bunker;1486.00;9.73;2095.00;-3.39;0
18;coastal_bunker;1508.00;10.20;2091.00;-3.14;0
18;coastal_bunker;1526.00;10.00;2069.00;-3.93;0
18;coastal_bunker;1440.00;10.00;2110.00;-3.34;0
18;dockyard;1508.00;10.10;2092.00;-3.14;0
18;anti_air_building;1387.00;11.90;2063.00;4.85;0
18;anti_air_building;1486.00;10.50;2026.00;1.23;0
18;anti_air_building;1372.00;11.75;2080.00;2.79;0
18;synthetic_refinery;1401.00;11.70;2111.00;0.63;0
18;fuel_silo;1472.00;10.75;2055.00;3.30;0
18;radar_station;1408.00;11.40;2072.00;4.98;0
18;rocket_site;1410.00;12.35;2024.00;2.70;0
18;nuclear_reactor;1450.00;10.65;2095.00;3.90;0
19;arms_factory;1317.00;11.55;1812.00;0.49;0
19;arms_factory;1255.00;11.80;1778.00;3.15;0
19;arms_factory;1161.00;11.90;1843.00;6.18;0
19;arms_factory;1268.00;11.10;1842.00;1.10;0
19;arms_factory;1183.00;10.35;1826.00;5.22;0
19;arms_factory;1376.00;12.55;1778.00;3.06;0
19;industrial_complex;1212.00;10.32;1868.00;3.16;0
19;industrial_complex;1314.00;11.90;1702.00;1.00;0
19;industrial_complex;1188.00;11.40;1774.00;3.67;0
19;industrial_complex;1217.00;11.78;1711.00;0.05;0
19;industrial_complex;1275.00;11.75;1719.00;1.61;0
19;industrial_complex;1362.00;10.80;1718.00;5.73;0
19;air_base;1193.00;11.23;1804.00;0.65;0
19;bunker;1215.00;13.23;1746.00;4.78;0
19;bunker;1357.00;10.90;1718.00;0.06;0
19;bunker;1264.00;12.40;1790.00;4.18;0
19;bunker;1289.00;10.80;1767.00;0.56;0
19;bunker;1152.00;12.10;1801.00;2.12;0
19;bunker;1326.00;12.18;1783.00;6.24;0
19;bunker;1175.00;9.90;1885.00;1.17;0
19;bunker;1236.00;12.07;1749.00;5.29;0
19;bunker;1358.00;12.95;1762.00;0.57;0
19;bunker;1384.00;12.32;1765.00;3.23;0
19;bunker;1187.00;11.78;1788.00;5.89;0
19;bunker;1402.00;12.05;1754.00;3.73;0
19;bunker;1215.00;12.23;1756.00;3.84;0
19;bunker;1247.00;11.23;1872.00;1.68;0
19;bunker;1308.00;11.65;1741.00;5.80;0
19;bunker;1271.00;11.25;1833.00;0.72;0
19;bunker;1254.00;10.85;1709.00;3.74;0
19;bunker;1181.00;10.25;1853.00;0.12;0
19;bunker;1171.00;11.43;1825.00;4.25;0
19;bunker;1248.00;10.40;1826.00;4.35;0
19;bunker;1304.00;11.32;1848.00;2.19;0
19;bunker;1354.00;11.60;1825.00;4.85;0
19;bunker;1218.00;10.65;1855.00;1.23;0
19;bunker;1273.00;11.50;1859.00;2.79;0
19;bunker;1278.00;10.90;1822.00;0.63;0
19;bunker;1175.00;11.15;1772.00;3.30;0
19;bunker;1293.00;11.25;1836.00;5.96;0
19;bunker;1198.00;11.48;1784.00;2.70;0
19;anti_air_building;1270.00;11.40;1762.00;3.90;0
19;anti_air_building;1389.00;12.30;1760.00;1.74;0
19;anti_air_building;1281.00;11.48;1888.00;4.41;0
19;synthetic_refinery;1285.00;11.00;1815.00;5.97;0
19;fuel_silo;1268.00;12.30;1781.00;2.35;0
19;radar_station;1278.00;11.48;1798.00;0.80;0
19;rocket_site;1251.00;10.20;1846.00;1.39;0
19;nuclear_reactor;1159.00;11.80;1829.00;4.42;0
20;arms_factory;1546.00;10.25;1989.00;6.18;0
20;arms_factory;1509.00;12.80;1835.00;1.10;0
20;arms_factory;1497.00;11.48;1883.00;5.22;0
20;arms_factory;1465.00;11.40;1907.00;3.06;0
20;arms_factory;1532.00;10.40;2029.00;3.16;0
20;arms_factory;1470.00;11.95;1934.00;1.00;0
20;industrial_complex;1538.00;10.50;1995.00;3.67;0
20;industrial_complex;1528.00;10.55;1923.00;0.05;0
20;industrial_complex;1481.00;11.28;1885.00;1.61;0
20;industrial_complex;1450.00;11.00;1882.00;5.73;0
20;industrial_complex;1532.00;10.38;2037.00;0.65;0
20;industrial_complex;1460.00;12.60;1937.00;4.78;0
20;air_base;1459.00;11.10;1921.00;0.06;0
20;naval_base;1553.00;9.95;2005.00;1.45;578
20;naval_base;1554.00;10.00;1939.00;-3.93;578
20;naval_base;1550.00;9.98;1968.00;1.33;578
20;naval_base;1542.00;10.05;2040.00;-3.76;578
20;bunker;1520.00;10.70;1894.00;1.17;0
20;bunker;1503.00;10.60;1946.00;5.29;0
20;bunker;1479.00;10.48;1860.00;0.57;0
20;bunker;1518.00;10.20;1911.00;3.23;0
20;bunker;1496.00;10.25;1997.00;5.89;0
20;bunker;1446.00;11.10;1910.00;3.73;0
20;bunker;1484.00;10.20;1998.00;3.84;0
20;bunker;1494.00;10.45;1904.00;1.68;0
20;bunker;1557.00;10.00;1916.00;5.80;0
20;bunker;1485.00;11.45;1832.00;0.72;0
20;bunker;1501.00;10.70;1969.00;3.74;0
20;bunker;1535.00;10.73;1964.00;0.12;0
20;bunker;1479.00;11.95;1949.00;4.25;0
20;bunker;1534.00;10.40;2024.00;4.35;0
20;bunker;1540.00;10.40;2005.00;2.19;0
20;bunker;1465.00;12.18;1997.00;4.85;0
20;bunker;1517.00;10.73;2009.00;1.23;0
20;bunker;1469.00;10.80;1876.00;2.79;0
20;coastal_bunker;1557.00;9.95;1984.00;1.45;0
20;coastal_bunker;1541.00;10.00;2043.00;-3.76;0
20;coastal_bunker;1553.00;9.95;1946.00;-3.93;0
20;coastal_bunker;1550.00;9.95;1961.00;1.33;0
20;dockyard;1546.00;10.05;2027.00;-3.76;0
20;anti_air_building;1484.00;11.05;1975.00;1.74;0
20;anti_air_building;1475.00;12.25;1965.00;4.41;0
20;anti_air_building;1537.00;10.80;1874.00;5.97;0
20;synthetic_refinery;1446.00;10.48;1863.00;2.35;0
20;fuel_silo;1485.00;11.53;1831.00;0.19;0
20;radar_station;1495.00;10.98;1930.00;2.28;0
20;rocket_site;1462.00;11.50;1901.00;4.42;0
20;nuclear_reactor;1450.00;13.62;1968.00;2.26;0
21;arms_factory;1549.00;11.50;1628.00;5.22;0
21;arms_factory;1630.00;10.80;1667.00;3.06;0
21;arms_factory;1541.00;11.85;1649.00;3.16;0
21;arms_factory;1513.00;11.38;1628.00;1.00;0
21;arms_factory;1628.00;9.95;1617.00;3.67;0
21;arms_factory;1615.00;11.28;1666.00;0.05;0
21;industrial_complex;1497.00;11.82;1635.00;1.61;0
21;industrial_complex;1560.00;11.50;1600.00;5.73;0
21;industrial_complex;1533.00;11.28;1615.00;0.65;0
21;industrial_complex;1423.00;10.20;1694.00;4.78;0
21;industrial_complex;1512.00;11.15;1604.00;0.06;0
21;industrial_complex;1512.00;11.73;1639.00;4.18;0
21;air_base;1502.00;10.43;1717.00;0.56;0
21;naval_base;1636.00;9.95;1625.00;-4.54;639
21;naval_base;1637.00;9.68;1641.00;0.85;639
21;bunker;1466.00;11.73;1662.00;1.17;0
21;bunker;1521.00;11.43;1627.00;5.29;0
21;bunker;1529.00;11.90;1665.00;0.57;0
21;bunker;1438.00;10.90;1683.00;3.23;0
21;bunker;1494.00;11.90;1659.00;5.89;0
21;bunker;1599.00;12.30;1654.00;3.73;0
21;bunker;1425.00;10.00;1703.00;3.84;0
21;bunker;1442.00;10.48;1729.00;1.68;0
21;bunker;1474.00;11.70;1686.00;5.80;0
21;bunker;1570.00;10.93;1602.00;0.72;0
21;bunker;1519.00;10.95;1703.00;3.74;0
21;bunker;1633.00;10.00;1623.00;0.12;0
21;bunker;1614.00;11.50;1650.00;4.25;0
21;bunker;1457.00;11.88;1664.00;4.35;0
21;coastal_bunker;1635.00;9.95;1620.00;0.79;0
21;coastal_bunker;1639.00;9.50;1642.00;0.85;0
21;dockyard;1635.00;10.00;1626.00;-4.54;0
21;anti_air_building;1592.00;12.60;1655.00;2.79;0
21;anti_air_building;1495.00;10.55;1705.00;0.63;0
21;anti_air_building;1625.00;10.70;1634.00;3.30;0
21;synthetic_refinery;1545.00;11.73;1638.00;5.96;0
21;fuel_silo;1473.00;12.68;1648.00;2.70;0
21;radar_station;1525.00;11.95;1668.00;5.68;0
21;rocket_site;1616.00;11.43;1654.00;1.74;0
21;nuclear_reactor;1548.00;11.73;1636.00;4.41;0
22;arms_factory;1397.00;10.95;1820.00;3.16;0
22;arms_factory;1415.00;10.50;1800.00;1.00;0
22;arms_factory;1439.00;10.40;1862.00;3.67;0
22;arms_factory;1508.00;11.00;1738.00;0.05;0
22;arms_factory;1402.00;11.50;1779.00;1.61;0
22;arms_factory;1461.00;12.55;1742.00;5.73;0
22;industrial_complex;1412.00;10.55;1805.00;0.65;0
22;industrial_complex;1492.00;12.70;1768.00;4.78;0
22;industrial_complex;1437.00;10.00;1843.00;0.06;0
22;industrial_complex;1484.00;12.23;1799.00;4.18;0
22;industrial_complex;1410.00;11.80;1758.00;0.56;0
22;industrial_complex;1372.00;11.80;1835.00;2.12;0
22;air_base;1398.00;10.45;1832.00;6.24;0
22;bunker;1431.00;9.90;1817.00;1.17;0
22;bunker;1485.00;12.85;1771.00;5.29;0
22;bunker;1351.00;11.40;1840.00;0.57;0
22;bunker;1421.00;10.60;1740.00;3.23;0
22;bunker;1464.00;12.35;1734.00;5.89;0
22;bunker;1399.00;11.20;1804.00;3.73;0
22;bunker;1406.00;10.20;1840.00;3.84;0
22;bunker;1458.00;11.78;1774.00;1.68;0
22;bunker;1493.00;11.48;1735.00;5.80;0
22;bunker;1430.00;10.20;1841.00;0.72;0
22;bunker;1483.00;12.35;1801.00;3.74;0
22;anti_air_building;1422.00;10.65;1793.00;0.12;0
22;anti_air_building;1514.00;13.25;1768.00;4.25;0
22;anti_air_building;1496.00;11.05;1733.00;4.35;0
22;synthetic_refinery;1484.00;12.25;1800.00;2.19;0
22;fuel_silo;1432.00;10.82;1758.00;4.85;0
22;radar_station;1432.00;10.60;1800.00;1.33;0
22;rocket_site;1385.00;11.28;1833.00;2.79;0
22;nuclear_reactor;1428.00;10.00;1850.00;0.63;0
23;arms_factory;1597.00;10.93;1776.00;3.67;0
23;arms_factory;1569.00;11.55;1739.00;0.05;0
23;arms_factory;1621.00;10.28;1808.00;1.61;0
23;arms_factory;1626.00;10.82;1768.00;5.73;0
23;arms_factory;1538.00;11.00;1714.00;0.65;0
23;arms_factory;1625.00;10.20;1801.00;4.78;0
23;industrial_complex;1616.00;11.00;1760.00;0.06;0
23;industrial_complex;1554.00;11.25;1722.00;4.18;0
23;industrial_complex;1630.00;10.15;1791.00;0.56;0
23;industrial_complex;1658.00;10.23;1750.00;2.12;0
23;industrial_complex;1531.00;10.75;1715.00;6.24;0
23;industrial_complex;1533.00;13.20;1807.00;1.17;0
23;air_base;1672.00;10.00;1730.00;5.29;0
23;naval_base;1672.00;9.95;1763.00;-4.59;639
23;naval_base;1628.00;9.95;1811.00;-4.37;639
23;naval_base;1671.00;9.50;1706.00;0.98;639
23;naval_base;1656.00;9.68;1667.00;0.95;639
23;naval_base;1651.00;9.90;1778.00;-3.86;639
23;bunker;1569.00;12.75;1682.00;1.68;0
23;bunker;1613.00;11.45;1696.00;5.80;0
23;bunker;1598.00;11.35;1756.00;0.72;0
23;bunker;1609.00;11.80;1735.00;3.74;0
23;bunker;1574.00;11.90;1746.00;0.12;0
23;bunker;1546.00;13.10;1769.00;4.25;0
23;bunker;1570.00;11.80;1743.00;4.35;0
23;bunker;1635.00;10.75;1758.00;2.19;0
23;bunker;1655.00;10.20;1700.00;4.85;0
23;bunker;1582.00;12.23;1722.00;1.23;0
23;bunker;1559.00;12.18;1696.00;2.79;0
23;bunker;1649.00;10.00;1749.00;0.63;0
23;bunker;1532.00;13.20;1799.00;3.30;0
23;bunker;1594.00;11.43;1807.00;5.96;0
23;bunker;1670.00;10.20;1754.00;2.70;0
23;bunker;1523.00;11.00;1737.00;3.90;0
23;bunker;1575.00;12.20;1819.00;1.74;0
23;bunker;1657.00;10.23;1714.00;4.41;0
23;coastal_bunker;1650.00;9.70;1649.00;0.95;0
23;coastal_bunker;1671.00;9.50;1706.00;0.98;0
23;coastal_bunker;1675.00;9.95;1729.00;-4.59;0
23;coastal_bunker;1650.00;9.90;1779.00;-3.86;0
23;coastal_bunker;1644.00;9.90;1800.00;-4.37;0
23;dockyard;1670.00;9.95;1765.00;-4.59;0
23;anti_air_building;1554.00;12.80;1786.00;4.92;0
23;anti_air_building;1532.00;13.40;1773.00;0.19;0
23;anti_air_building;1584.00;12.20;1786.00;2.86;0
23;synthetic_refinery;1615.00;11.23;1747.00;0.70;0
23;fuel_silo;1647.00;9.90;1777.00;1.91;0
23;radar_station;1591.00;11.65;1738.00;5.86;0
23;rocket_site;1612.00;11.60;1739.00;1.31;0
23;nuclear_reactor;1654.00;10.00;1764.00;3.97;0
24;arms_factory;1601.00;10.70;1834.00;1.61;0
24;arms_factory;1513.00;13.30;1816.00;5.73;0
24;arms_factory;1582.00;11.30;1841.00;0.65;0
24;arms_factory;1553.00;10.73;1871.00;4.78;0
24;arms_factory;1585.00;10.00;1880.00;0.06;0
24;arms_factory;1600.00;10.30;1850.00;4.18;0
24;industrial_complex;1544.00;12.25;1838.00;0.56;0
24;industrial_complex;1509.00;13.20;1817.00;2.12;0
24;industrial_complex;1522.00;12.80;1832.00;6.24;0
24;industrial_complex;1589.00;10.10;1876.00;1.17;0
24;industrial_complex;1557.00;10.90;1881.00;5.29;0
24;industrial_complex;1579.00;10.20;1888.00;0.57;0
24;air_base;1533.00;12.45;1839.00;3.23;0
24;naval_base;1609.00;10.00;1831.00;-4.12;639
24;naval_base;1581.00;10.00;1896.00;-4.02;578
24;naval_base;1596.00;9.95;1868.00;-4.36;639
24;bunker;1598.00;10.80;1829.00;1.68;0
24;bunker;1561.00;10.30;1894.00;5.80;0
24;bunker;1568.00;12.05;1844.00;0.72;0
24;bunker;1531.00;12.68;1838.00;3.74;0
24;bunker;1548.00;12.20;1843.00;0.12;0
24;bunker;1585.00;10.35;1867.00;4.25;0
24;coastal_bunker;1569.00;9.90;1910.00;-4.02;0
24;coastal_bunker;1602.00;10.05;1854.00;-4.36;0
24;coastal_bunker;1613.00;9.98;1822.00;-4.12;0
24;dockyard;1597.00;9.95;1863.00;-4.36;0
24;anti_air_building;1574.00;10.35;1879.00;2.79;0
24;anti_air_building;1548.00;10.40;1903.00;0.63;0
24;anti_air_building;1543.00;12.35;1836.00;3.30;0
24;synthetic_refinery;1521.00;13.28;1814.00;5.96;0
24;fuel_silo;1590.00;10.48;1855.00;2.70;0
24;radar_station;1563.00;11.25;1856.00;5.68;0
24;rocket_site;1549.00;11.05;1880.00;1.74;0
24;nuclear_reactor;1524.00;12.68;1842.00;4.41;0
25;arms_factory;980.00;14.00;1804.00;0.65;0
25;arms_factory;896.00;11.48;1893.00;4.78;0
25;arms_factory;918.00;13.28;1904.00;0.06;0
25;arms_factory;883.00;12.60;1845.00;4.18;0
25;arms_factory;898.00;10.32;1771.00;0.56;0
25;arms_factory;921.00;13.75;1910.00;2.12;0
25;industrial_complex;988.00;15.68;1829.00;6.24;0
25;industrial_complex;912.00;10.50;1812.00;1.17;0
25;industrial_complex;926.00;11.23;1772.00;5.29;0
25;industrial_complex;978.00;15.40;1853.00;0.57;0
25;industrial_complex;898.00;10.50;1818.00;3.23;0
25;industrial_complex;960.00;12.82;1873.00;5.89;0
25;air_base;953.00;12.20;1810.00;3.73;0
25;bunker;914.00;11.80;1871.00;3.84;0
25;bunker;999.00;18.52;1831.00;1.68;0
25;bunker;935.00;11.50;1760.00;5.80;0
25;bunker;955.00;11.90;1778.00;0.72;0
25;bunker;919.00;12.00;1881.00;3.74;0
25;bunker;908.00;10.50;1810.00;0.12;0
25;bunker;935.00;11.45;1931.00;4.25;0
25;bunker;950.00;12.10;1798.00;4.35;0
25;bunker;964.00;12.80;1791.00;2.19;0
25;bunker;880.00;10.50;1777.00;4.85;0
25;bunker;895.00;10.00;1793.00;1.23;0
25;bunker;946.00;11.90;1889.00;2.79;0
25;bunker;966.00;13.35;1850.00;0.63;0
25;bunker;886.00;12.30;1838.00;3.30;0
25;bunker;903.00;11.80;1871.00;5.96;0
25;bunker;954.00;13.12;1913.00;2.70;0
25;anti_air_building;877.00;10.70;1778.00;3.90;0
25;anti_air_building;959.00;12.65;1798.00;1.74;0
25;anti_air_building;957.00;13.12;1906.00;4.41;0
25;synthetic_refinery;901.00;10.20;1784.00;5.97;0
25;fuel_silo;950.00;11.60;1780.00;2.35;0
25;radar_station;932.00;11.20;1836.00;0.80;0
25;rocket_site;911.00;10.85;1827.00;1.39;0
25;nuclear_reactor;955.00;12.38;1881.00;4.42;0
26;arms_factory;845.00;11.90;1809.00;0.06;0
26;arms_factory;870.00;11.50;1815.00;4.18;0
26;arms_factory;842.00;10.35;1784.00;0.56;0
26;arms_factory;871.00;12.23;1878.00;2.12;0
26;arms_factory;869.00;11.15;1900.00;6.24;0
26;arms_factory;873.00;12.45;1874.00;1.17;0
26;industrial_complex;801.00;10.20;1809.00;5.29;0
26;industrial_complex;839.00;13.65;1841.00;0.57;0
26;industrial_complex;840.00;10.30;1783.00;3.23;0
26;industrial_complex;872.00;11.15;1809.00;5.89;0
26;industrial_complex;817.00;11.55;1822.00;3.73;0
26;industrial_complex;866.00;12.38;1873.00;3.84;0
26;air_base;882.00;11.50;1892.00;1.68;0
26;bunker;836.00;13.60;1840.00;5.80;0
26;bunker;853.00;12.20;1883.00;0.72;0
26;bunker;811.00;10.05;1796.00;3.74;0
26;bunker;873.00;11.30;1907.00;0.12;0
26;bunker;864.00;12.23;1863.00;4.25;0
26;bunker;826.00;10.00;1779.00;4.35;0
26;bunker;854.00;12.10;1820.00;2.19;0
26;anti_air_building;880.00;11.80;1883.00;4.85;0
26;anti_air_building;826.00;12.93;1835.00;1.23;0
26;anti_air_building;870.00;11.53;1909.00;2.79;0
26;synthetic_refinery;851.00;11.75;1799.00;0.63;0
26;fuel_silo;813.00;10.85;1816.00;3.30;0
26;radar_station;846.00;13.30;1841.00;4.98;0
26;rocket_site;874.00;12.18;1880.00;2.70;0
26;nuclear_reactor;868.00;11.85;1819.00;3.90;0
27;arms_factory;833.00;10.20;1686.00;0.56;0
27;arms_factory;905.00;11.70;1712.00;2.12;0
27;arms_factory;884.00;11.28;1705.00;6.24;0
27;arms_factory;828.00;10.00;1731.00;1.17;0
27;arms_factory;832.00;10.00;1682.00;5.29;0
27;arms_factory;855.00;10.70;1673.00;0.57;0
27;industrial_complex;850.00;10.15;1734.00;3.23;0
27;industrial_complex;852.00;10.23;1727.00;5.89;0
27;industrial_complex;840.00;10.30;1721.00;3.73;0
27;industrial_complex;822.00;10.30;1706.00;3.84;0
27;industrial_complex;822.00;10.20;1700.00;1.68;0
27;industrial_complex;849.00;10.30;1724.00;5.80;0
27;air_base;851.00;9.98;1753.00;0.72;0
27;bunker;849.00;9.93;1748.00;3.74;0
27;bunker;870.00;11.20;1687.00;0.12;0
27;bunker;825.00;10.10;1757.00;4.25;0
27;bunker;834.00;10.30;1711.00;4.35;0
27;bunker;833.00;10.20;1684.00;2.19;0
27;bunker;865.00;10.75;1660.00;4.85;0
27;bunker;902.00;11.40;1723.00;1.23;0
27;anti_air_building;870.00;10.90;1719.00;2.79;0
27;anti_air_building;818.00;9.98;1741.00;0.63;0
27;anti_air_building;857.00;10.25;1652.00;3.30;0
27;synthetic_refinery;879.00;11.20;1725.00;5.96;0
27;fuel_silo;885.00;11.30;1690.00;2.70;0
27;radar_station;863.00;11.10;1703.00;5.68;0
27;rocket_site;857.00;10.00;1642.00;1.74;0
27;nuclear_reactor;902.00;11.60;1715.00;4.41;0
28;arms_factory;802.00;10.85;2183.00;6.24;0
28;arms_factory;849.00;11.30;2085.00;1.17;0
28;arms_factory;815.00;12.20;2161.00;5.29;0
28;arms_factory;808.00;11.48;2126.00;0.57;0
28;arms_factory;843.00;11.70;2106.00;3.23;0
28;arms_factory;778.00;10.75;2172.00;5.89;0
28;industrial_complex;806.00;10.98;2185.00;3.73;0
28;industrial_complex;828.00;10.55;2237.00;3.84;0
28;industrial_complex;812.00;12.18;2163.00;1.68;0
28;industrial_complex;833.00;12.65;2166.00;5.80;0
28;industrial_complex;807.00;11.45;2108.00;0.72;0
28;industrial_complex;791.00;10.50;2174.00;3.74;0
28;air_base;758.00;10.25;2148.00;0.12;0
28;naval_base;761.00;9.70;2191.00;-1.93;672
28;naval_base;821.00;9.68;2250.00;-2.85;672
28;naval_base;780.00;9.50;2214.00;-2.27;672
28;naval_base;745.00;9.50;2157.00;-2.16;672
28;bunker;859.00;12.25;2095.00;1.23;0
28;bunker;853.00;13.12;2155.00;2.79;0
28;bunker;792.00;10.40;2184.00;0.63;0
28;bunker;765.00;10.40;2169.00;3.30;0
28;bunker;835.00;11.85;2088.00;5.96;0
28;bunker;804.00;11.48;2148.00;2.70;0
28;bunker;794.00;10.30;2218.00;3.90;0
28;bunker;841.00;12.85;2173.00;1.74;0
28;bunker;815.00;10.40;2227.00;4.41;0
28;bunker;820.00;10.85;2210.00;5.97;0
28;bunker;764.00;10.30;2182.00;2.35;0
28;bunker;804.00;11.30;2112.00;0.19;0
28;bunker;749.00;9.98;2159.00;1.39;0
28;coastal_bunker;753.00;9.95;2169.00;-2.16;0
28;coastal_bunker;768.00;9.90;2199.00;-1.93;0
28;coastal_bunker;815.00;9.50;2243.00;-2.85;0
28;coastal_bunker;784.00;9.90;2219.00;-2.27;0
28;dockyard;754.00;9.50;2179.00;-1.93;0
28;anti_air_building;830.00;11.70;2093.00;0.70;0
28;anti_air_building;797.00;10.70;2172.00;1.91;0
28;anti_air_building;819.00;12.20;2174.00;4.93;0
28;synthetic_refinery;876.00;11.50;2145.00;1.31;0
28;fuel_silo;830.00;11.50;2199.00;3.97;0
28;radar_station;817.00;12.10;2165.00;1.75;0
28;rocket_site;779.00;10.00;2208.00;3.37;0
28;nuclear_reactor;811.00;11.60;2176.00;6.04;0
29;arms_factory;759.00;10.40;1725.00;5.29;0
29;arms_factory;741.00;10.00;1738.00;0.57;0
29;arms_factory;758.00;10.78;1797.00;3.23;0
29;arms_factory;746.00;10.30;1728.00;5.89;0
29;arms_factory;742.00;10.05;1747.00;3.73;0
29;arms_factory;761.00;10.80;1800.00;3.84;0
29;industrial_complex;764.00;10.78;1730.00;1.68;0
29;industrial_complex;755.00;10.80;1807.00;5.80;0
29;industrial_complex;771.00;10.90;1803.00;0.72;0
29;industrial_complex;781.00;10.32;1732.00;3.74;0
29;industrial_complex;761.00;11.00;1811.00;0.12;0
29;industrial_complex;754.00;10.80;1807.00;4.25;0
29;air_base;776.00;10.00;1786.00;4.35;0
29;naval_base;734.00;9.50;1750.00;-1.07;638
29;naval_base;742.00;9.68;1786.00;-1.15;580
29;bunker;741.00;10.00;1790.00;1.23;0
29;bunker;760.00;10.40;1761.00;2.79;0
29;bunker;781.00;10.05;1760.00;0.63;0
29;bunker;771.00;10.50;1724.00;3.30;0
29;bunker;779.00;10.00;1788.00;5.96;0
29;coastal_bunker;735.00;9.68;1757.00;-1.07;0
29;coastal_bunker;742.00;9.50;1785.00;-1.15;0
29;dockyard;735.00;9.50;1760.00;-1.07;0
29;anti_air_building;765.00;10.45;1769.00;4.41;0
29;anti_air_building;781.00;10.00;1759.00;5.97;0
29;anti_air_building;768.00;10.25;1778.00;2.35;0
29;synthetic_refinery;771.00;10.10;1774.00;0.19;0
29;fuel_silo;801.00;10.15;1761.00;1.39;0
29;radar_station;774.00;10.25;1764.00;5.22;0
29;rocket_site;791.00;10.30;1737.00;2.26;0
29;nuclear_reactor;775.00;10.20;1764.00;4.92;0
30;arms_factory;727.00;9.95;1907.00;3.23;0
30;arms_factory;805.00;11.55;1934.00;5.89;0
30;arms_factory;838.00;13.30;1936.00;3.73;0
30;arms_factory;760.00;10.75;1927.00;3.84;0
30;arms_factory;715.00;10.23;1835.00;1.68;0
30;arms_factory;786.00;12.90;1877.00;5.80;0
30;industrial_complex;801.00;12.70;1871.00;0.72;0
30;industrial_complex;756.00;10.85;1891.00;3.74;0
30;industrial_complex;775.00;10.88;1825.00;0.12;0
30;industrial_complex;781.00;10.45;1815.00;4.25;0
30;industrial_complex;831.00;12.85;1925.00;4.35;0
30;industrial_complex;791.00;11.60;1850.00;2.19;0
30;air_base;774.00;10.90;1840.00;4.85;0
30;naval_base;710.00;9.50;1820.00;-1.89;580
30;naval_base;727.00;9.50;1892.00;-1.16;580
30;naval_base;738.00;9.73;1793.00;-0.79;580
30;naval_base;734.00;9.73;1881.00;-1.92;580
30;bunker;731.00;10.10;1902.00;5.96;0
30;bunker;806.00;12.30;1860.00;2.70;0
30;bunker;818.00;11.75;1936.00;3.90;0
30;bunker;716.00;10.35;1843.00;1.74;0
30;bunker;711.00;10.00;1817.00;4.41;0
30;bunker;794.00;11.35;1848.00;5.97;0
30;bunker;761.00;11.38;1860.00;2.35;0
30;bunker;739.00;10.32;1868.00;0.19;0
30;bunker;814.00;11.95;1888.00;1.39;0
30;bunker;848.00;11.90;1916.00;4.42;0
30;coastal_bunker;724.00;10.00;1864.00;-1.92;0
30;coastal_bunker;710.00;9.78;1826.00;-1.89;0
30;coastal_bunker;726.00;9.68;1904.00;-1.16;0
30;coastal_bunker;738.00;9.73;1793.00;-0.79;0
30;dockyard;729.00;9.50;1891.00;-1.16;0
30;anti_air_building;719.00;10.45;1839.00;1.91;0
30;anti_air_building;729.00;10.95;1827.00;4.93;0
30;anti_air_building;728.00;10.00;1870.00;1.31;0
30;synthetic_refinery;731.00;10.15;1893.00;3.97;0
30;fuel_silo;737.00;10.25;1887.00;0.35;0
30;radar_station;788.00;12.95;1873.00;3.23;0
30;rocket_site;731.00;10.10;1906.00;6.04;0
30;nuclear_reactor;756.00;10.40;1901.00;2.42;0
31;arms_factory;735.00;10.10;1923.00;3.73;0
31;arms_factory;768.00;11.78;2017.00;3.84;0
31;arms_factory;773.00;12.15;1966.00;1.68;0
31;arms_factory;774.00;11.80;1987.00;5.80;0
31;arms_factory;716.00;9.98;1925.00;0.72;0
31;arms_factory;768.00;11.75;2007.00;3.74;0
31;industrial_complex;758.00;10.80;2040.00;0.12;0
31;industrial_complex;726.00;10.65;2004.00;4.25;0
31;industrial_complex;723.00;10.43;1974.00;4.35;0
31;industrial_complex;727.00;10.50;1966.00;2.19;0
31;industrial_complex;758.00;11.15;1956.00;4.85;0
31;industrial_complex;790.00;11.43;1979.00;1.23;0
31;air_base;713.00;10.20;1957.00;2.79;0
31;naval_base;700.00;9.68;2016.00;-1.47;669
31;naval_base;706.00;9.50;1988.00;-1.82;669
31;naval_base;718.00;9.50;1918.00;-1.11;669
31;naval_base;692.00;9.50;1955.00;-1.30;669
31;naval_base;710.00;9.50;2001.00;-1.73;669
31;bunker;712.00;10.23;2009.00;1.74;0
31;bunker;744.00;10.80;2019.00;4.41;0
31;bunker;764.00;11.75;1970.00;5.97;0
31;bunker;742.00;10.15;1933.00;2.35;0
31;bunker;719.00;10.30;1998.00;0.19;0
31;bunker;769.00;12.00;1961.00;1.39;0
31;bunker;710.00;10.28;1950.00;4.42;0
31;bunker;778.00;11.80;1993.00;2.26;0
31;bunker;710.00;10.25;1975.00;4.92;0
31;bunker;787.00;11.88;1965.00;0.19;0
31;coastal_bunker;706.00;9.70;1987.00;-1.82;0
31;coastal_bunker;692.00;9.50;2034.00;-1.47;0
31;coastal_bunker;712.00;9.50;1921.00;-1.11;0
31;coastal_bunker;709.00;9.50;1930.00;-1.30;0
31;coastal_bunker;711.00;9.70;2000.00;-1.73;0
31;dockyard;696.00;9.68;1944.00;-1.30;0
31;anti_air_building;730.00;10.50;2002.00;0.35;0
31;anti_air_building;728.00;10.45;1962.00;3.37;0
31;anti_air_building;737.00;10.95;1964.00;6.04;0
31;synthetic_refinery;778.00;11.75;1953.00;2.42;0
31;fuel_silo;778.00;12.10;1977.00;0.26;0
31;radar_station;745.00;10.70;1983.00;2.05;0
31;rocket_site;734.00;10.93;1965.00;4.48;0
31;nuclear_reactor;730.00;10.70;2033.00;0.86;0
32;arms_factory;724.00;10.43;2062.00;1.68;0
32;arms_factory;754.00;10.55;2107.00;5.80;0
32;arms_factory;707.00;10.00;2086.00;0.72;0
32;arms_factory;751.00;10.60;2118.00;3.74;0
32;arms_factory;771.00;10.70;2086.00;0.12;0
32;arms_factory;772.00;10.50;2093.00;4.25;0
32;industrial_complex;785.00;12.40;2050.00;4.35;0
32;industrial_complex;778.00;11.65;2029.00;2.19;0
32;industrial_complex;769.00;11.45;2058.00;4.85;0
32;industrial_complex;813.00;10.75;2024.00;1.23;0
32;industrial_complex;813.00;12.90;2068.00;2.79;0
32;industrial_complex;730.00;10.20;2110.00;0.63;0
32;air_base;745.00;10.50;2085.00;3.30;0
32;naval_base;717.00;9.98;2109.00;-2.43;669
32;naval_base;689.00;9.65;2047.00;-1.62;669
32;naval_base;692.00;9.50;2069.00;-1.77;669
32;naval_base;748.00;10.00;2139.00;-2.52;672
32;bunker;742.00;10.40;2100.00;4.41;0
32;bunker;724.00;10.20;2110.00;5.97;0
32;bunker;718.00;10.50;2093.00;2.35;0
32;bunker;795.00;12.15;2080.00;0.19;0
32;bunker;789.00;11.82;2025.00;1.39;0
32;bunker;812.00;11.35;2039.00;4.42;0
32;bunker;773.00;11.48;2052.00;2.26;0
32;bunker;817.00;12.90;2067.00;4.92;0
32;bunker;693.00;9.90;2056.00;0.19;0
32;bunker;709.00;10.10;2082.00;2.86;0
32;coastal_bunker;723.00;9.50;2119.00;-2.43;0
32;coastal_bunker;686.00;9.95;2062.00;-1.62;0
32;coastal_bunker;740.00;9.70;2129.00;-2.52;0
32;coastal_bunker;706.00;9.50;2095.00;-1.77;0
32;dockyard;744.00;9.73;2137.00;-2.52;0
32;anti_air_building;794.00;12.32;2074.00;0.35;0
32;anti_air_building;789.00;11.45;2029.00;3.37;0
32;anti_air_building;803.00;12.30;2048.00;6.04;0
32;synthetic_refinery;777.00;11.32;2042.00;2.42;0
32;fuel_silo;824.00;13.00;2068.00;0.26;0
32;radar_station;772.00;10.98;2076.00;2.05;0
32;rocket_site;718.00;10.40;2086.00;4.48;0
32;nuclear_reactor;734.00;10.50;2064.00;0.86;0
33;arms_factory;809.00;11.20;1992.00;0.72;0
33;arms_factory;802.00;11.30;2002.00;3.74;0
33;arms_factory;817.00;11.00;1977.00;0.12;0
33;arms_factory;791.00;11.35;1989.00;4.25;0
33;arms_factory;822.00;11.85;1962.00;4.35;0
33;arms_factory;804.00;11.20;1975.00;2.19;0
33;industrial_complex;869.00;15.20;1958.00;4.85;0
33;industrial_complex;812.00;11.50;1960.00;1.23;0
33;industrial_complex;824.00;11.78;1972.00;2.79;0
33;industrial_complex;845.00;15.35;1980.00;0.63;0
33;industrial_complex;802.00;11.40;1958.00;3.30;0
33;industrial_complex;792.00;11.35;1998.00;5.96;0
33;air_base;836.00;13.38;1977.00;2.70;0
33;bunker;825.00;12.30;1955.00;3.90;0
33;bunker;878.00;11.73;1935.00;1.74;0
33;bunker;831.00;12.78;1972.00;4.41;0
33;bunker;795.00;11.40;2017.00;5.97;0
33;anti_air_building;817.00;11.32;1994.00;2.35;0
33;anti_air_building;848.00;15.32;1971.00;0.19;0
33;anti_air_building;862.00;12.38;1948.00;1.39;0
33;synthetic_refinery;802.00;10.95;1992.00;4.42;0
33;fuel_silo;873.00;11.68;1936.00;2.26;0
33;radar_station;841.00;14.05;1972.00;4.45;0
33;rocket_site;795.00;10.98;1988.00;0.19;0
33;nuclear_reactor;865.00;12.10;1934.00;2.86;0
34;arms_factory;823.00;10.32;1724.00;0.12;0
34;arms_factory;789.00;10.30;1720.00;4.25;0
34;arms_factory;818.00;10.20;1717.00;4.35;0
34;arms_factory;807.00;10.00;1713.00;2.19;0
34;arms_factory;812.00;10.20;1734.00;4.85;0
34;arms_factory;805.00;10.20;1730.00;1.23;0
34;industrial_complex;814.00;10.30;1724.00;2.79;0
34;industrial_complex;796.00;10.28;1722.00;0.63;0
34;industrial_complex;810.00;10.20;1717.00;3.30;0
34;industrial_complex;805.00;10.10;1715.00;5.96;0
34;industrial_complex;785.00;9.95;1711.00;2.70;0
34;industrial_complex;797.00;10.20;1730.00;3.90;0
34;air_base;797.00;10.30;1727.00;1.74;0
34;bunker;823.00;10.30;1721.00;4.41;0
34;anti_air_building;812.00;10.20;1719.00;5.97;0
34;anti_air_building;797.00;10.00;1715.00;2.35;0
34;anti_air_building;814.00;10.00;1710.00;0.19;0
34;synthetic_refinery;814.00;10.28;1733.00;1.39;0
34;fuel_silo;818.00;10.30;1726.00;4.42;0
34;radar_station;802.00;10.30;1721.00;1.52;0
34;rocket_site;804.00;10.30;1719.00;4.92;0
34;nuclear_reactor;788.00;10.05;1715.00;0.19;0
35;arms_factory;771.00;11.32;1572.00;2.19;0
35;arms_factory;831.00;10.70;1585.00;4.85;0
35;arms_factory;756.00;10.75;1564.00;1.23;0
35;arms_factory;829.00;10.32;1578.00;2.79;0
35;arms_factory;800.00;10.70;1574.00;0.63;0
35;arms_factory;806.00;10.00;1535.00;3.30;0
35;industrial_complex;813.00;10.30;1567.00;5.96;0
35;industrial_complex;854.00;10.32;1580.00;2.70;0
35;industrial_complex;724.00;10.00;1561.00;3.90;0
35;industrial_complex;823.00;10.32;1574.00;1.74;0
35;industrial_complex;737.00;10.55;1592.00;4.41;0
35;industrial_complex;755.00;10.90;1530.00;5.97;0
35;air_base;745.00;10.40;1584.00;2.35;0
35;naval_base;723.00;9.50;1560.00;-2.88;638
35;naval_base;767.00;9.50;1511.00;-0.51;633
35;naval_base;774.00;9.50;1508.00;0.32;633
35;naval_base;840.00;9.50;1546.00;0.93;633
35;bunker;785.00;11.32;1553.00;4.92;0
35;bunker;813.00;10.43;1619.00;0.19;0
35;bunker;833.00;9.98;1547.00;2.86;0
35;bunker;731.00;10.30;1563.00;0.70;0
35;bunker;757.00;11.10;1539.00;1.91;0
35;bunker;761.00;10.60;1519.00;4.93;0
35;bunker;796.00;10.45;1529.00;1.31;0
35;bunker;724.00;10.20;1547.00;3.97;0
35;bunker;854.00;10.38;1583.00;0.35;0
35;coastal_bunker;723.00;9.73;1558.00;-1.33;0
35;coastal_bunker;761.00;9.50;1512.00;-0.51;0
35;coastal_bunker;779.00;9.50;1508.00;0.32;0
35;coastal_bunker;809.00;9.70;1533.00;0.93;0
35;dockyard;814.00;9.68;1538.00;0.93;0
35;anti_air_building;790.00;11.00;1579.00;4.48;0
35;anti_air_building;809.00;10.05;1546.00;0.86;0
35;anti_air_building;754.00;10.82;1594.00;3.88;0
35;synthetic_refinery;846.00;10.40;1585.00;5.09;0
35;fuel_silo;815.00;10.32;1591.00;2.93;0
35;radar_station;790.00;11.05;1565.00;4.94;0
35;rocket_site;786.00;10.00;1508.00;0.87;0
35;nuclear_reactor;805.00;10.15;1537.00;4.99;0
36;arms_factory;859.00;10.30;1593.00;1.23;0
36;arms_factory;891.00;10.05;1579.00;2.79;0
36;arms_factory;935.00;9.90;1568.00;0.63;0
36;arms_factory;858.00;10.10;1604.00;3.30;0
36;arms_factory;867.00;10.20;1589.00;5.96;0
36;arms_factory;902.00;10.20;1573.00;2.70;0
36;industrial_complex;881.00;10.00;1565.00;3.90;0
36;industrial_complex;855.00;10.30;1600.00;1.74;0
36;industrial_complex;863.00;10.30;1579.00;4.41;0
36;industrial_complex;929.00;10.00;1571.00;5.97;0
36;industrial_complex;894.00;9.95;1562.00;2.35;0
36;industrial_complex;875.00;10.20;1585.00;0.19;0
36;air_base;902.00;10.20;1576.00;1.39;0
36;naval_base;916.00;9.90;1570.00;1.22;665
36;bunker;853.00;10.30;1599.00;2.26;0
36;bunker;926.00;10.00;1570.00;4.92;0
36;coastal_bunker;874.00;9.50;1558.00;1.22;0
36;dockyard;926.00;9.50;1567.00;1.22;0
36;anti_air_building;870.00;10.20;1592.00;0.70;0
36;anti_air_building;895.00;10.20;1580.00;1.91;0
36;anti_air_building;899.00;10.00;1568.00;4.93;0
36;synthetic_refinery;868.00;10.20;1603.00;1.31;0
36;fuel_silo;884.00;10.30;1588.00;3.97;0
36;radar_station;893.00;10.28;1583.00;1.75;0
36;rocket_site;884.00;10.00;1566.00;3.37;0
36;nuclear_reactor;865.00;10.20;1599.00;6.04;0
37;arms_factory;774.00;10.90;1639.00;0.63;0
37;arms_factory;710.00;10.28;1606.00;3.30;0
37;arms_factory;766.00;11.00;1659.00;5.96;0
37;arms_factory;785.00;10.25;1646.00;2.70;0
37;arms_factory;729.00;10.80;1613.00;3.90;0
37;arms_factory;798.00;10.55;1628.00;1.74;0
37;industrial_complex;779.00;10.40;1655.00;4.41;0
37;industrial_complex;714.00;10.00;1658.00;5.97;0
37;industrial_complex;762.00;11.25;1600.00;2.35;0
37;industrial_complex;796.00;10.82;1624.00;0.19;0
37;industrial_complex;771.00;11.40;1597.00;1.39;0
37;industrial_complex;751.00;10.80;1613.00;4.42;0
37;air_base;727.00;10.38;1599.00;2.26;0
37;naval_base;703.00;9.50;1611.00;-2.03;638
37;naval_base;704.00;9.68;1601.00;-0.79;638
37;naval_base;707.00;9.73;1642.00;-1.75;638
37;bunker;775.00;11.10;1614.00;0.70;0
37;bunker;743.00;10.70;1610.00;1.91;0
37;bunker;736.00;10.35;1657.00;4.93;0
37;bunker;779.00;10.82;1637.00;1.31;0
37;bunker;720.00;10.65;1613.00;3.97;0
37;bunker;799.00;10.50;1628.00;0.35;0
37;bunker;707.00;10.00;1597.00;3.37;0
37;coastal_bunker;721.00;9.65;1574.00;-0.79;0
37;coastal_bunker;703.00;9.50;1626.00;-2.03;0
37;coastal_bunker;709.00;9.98;1646.00;-1.75;0
37;dockyard;721.00;9.50;1572.00;-0.79;0
37;anti_air_building;785.00;11.30;1609.00;4.48;0
37;anti_air_building;766.00;10.90;1626.00;0.86;0
37;anti_air_building;755.00;11.20;1653.00;3.88;0
37;synthetic_refinery;788.00;11.10;1617.00;5.09;0
37;fuel_silo;757.00;10.90;1637.00;2.93;0
37;radar_station;762.00;10.98;1614.00;4.94;0
37;rocket_site;790.00;10.93;1626.00;0.87;0
37;nuclear_reactor;715.00;10.40;1639.00;4.99;0
38;arms_factory;760.00;10.40;1679.00;5.96;0
38;arms_factory;754.00;10.40;1700.00;2.70;0
38;arms_factory;734.00;9.95;1694.00;3.90;0
38;arms_factory;746.00;10.20;1697.00;1.74;0
38;arms_factory;722.00;9.98;1681.00;4.41;0
38;arms_factory;733.00;10.00;1683.00;5.97;0
38;industrial_complex;756.00;10.60;1678.00;2.35;0
38;industrial_complex;735.00;10.00;1699.00;0.19;0
38;industrial_complex;747.00;10.20;1702.00;1.39;0
38;industrial_complex;752.00;10.35;1695.00;4.42;0
38;industrial_complex;737.00;10.05;1687.00;2.26;0
38;industrial_complex;726.00;9.95;1682.00;4.92;0
38;air_base;753.00;10.73;1677.00;0.19;0
38;naval_base;732.00;9.90;1701.00;-1.89;638
38;naval_base;723.00;9.65;1686.00;-1.82;638
38;bunker;739.00;10.00;1704.00;1.91;0
38;bunker;768.00;10.40;1686.00;4.93;0
38;bunker;733.00;10.00;1679.00;1.31;0
38;coastal_bunker;713.00;9.65;1673.00;-1.82;0
38;coastal_bunker;735.00;9.50;1718.00;-1.89;0
38;dockyard;714.00;9.50;1678.00;-1.82;0
38;anti_air_building;746.00;10.20;1702.00;6.04;0
38;anti_air_building;740.00;10.20;1684.00;2.42;0
38;anti_air_building;735.00;10.00;1687.00;0.26;0
38;synthetic_refinery;724.00;9.98;1682.00;0.36;0
38;fuel_silo;755.00;10.40;1713.00;4.48;0
38;radar_station;749.00;10.30;1695.00;1.29;0
38;rocket_site;751.00;10.35;1700.00;3.88;0
38;nuclear_reactor;785.00;10.00;1666.00;5.09;0
39;arms_factory;1551.00;10.93;1497.00;3.90;0
39;arms_factory;1583.00;10.20;1553.00;1.74;0
39;arms_factory;1570.00;10.40;1558.00;4.41;0
39;arms_factory;1525.00;11.00;1519.00;5.97;0
39;arms_factory;1538.00;11.38;1548.00;2.35;0
39;arms_factory;1555.00;11.00;1553.00;0.19;0
39;industrial_complex;1534.00;10.95;1585.00;1.39;0
39;industrial_complex;1600.00;10.00;1602.00;4.42;0
39;industrial_complex;1565.00;11.00;1530.00;2.26;0
39;industrial_complex;1556.00;10.95;1547.00;4.92;0
39;industrial_complex;1526.00;11.28;1524.00;0.19;0
39;industrial_complex;1545.00;11.30;1581.00;2.86;0
39;air_base;1550.00;10.88;1496.00;0.70;0
39;naval_base;1606.00;9.90;1579.00;-4.61;603
39;naval_base;1610.00;9.65;1606.00;-4.32;603
39;naval_base;1549.00;10.00;1468.00;0.17;603
39;naval_base;1571.00;9.78;1507.00;0.88;603
39;naval_base;1596.00;9.68;1561.00;1.11;603
39;bunker;1519.00;10.48;1585.00;3.37;0
39;bunker;1561.00;10.70;1569.00;6.04;0
39;bunker;1588.00;10.10;1583.00;2.42;0
39;bunker;1578.00;10.30;1571.00;0.26;0
39;bunker;1573.00;10.43;1549.00;0.36;0
39;bunker;1541.00;11.65;1537.00;4.48;0
39;bunker;1565.00;10.20;1502.00;0.86;0
39;bunker;1560.00;10.70;1511.00;3.88;0
39;bunker;1551.00;11.10;1565.00;5.09;0
39;coastal_bunker;1561.00;9.73;1487.00;0.17;0
39;coastal_bunker;1595.00;9.68;1560.00;1.11;0
39;coastal_bunker;1572.00;9.78;1508.00;0.88;0
39;coastal_bunker;1607.00;9.90;1584.00;-4.61;0
39;coastal_bunker;1608.00;9.93;1600.00;-4.32;0
39;dockyard;1604.00;9.68;1573.00;-4.61;0
39;anti_air_building;1526.00;10.85;1545.00;5.60;0
39;anti_air_building;1526.00;11.23;1523.00;3.44;0
39;anti_air_building;1552.00;11.28;1580.00;4.64;0
39;synthetic_refinery;1548.00;10.80;1494.00;2.48;0
39;fuel_silo;1518.00;10.48;1590.00;4.05;0
39;radar_station;1562.00;11.15;1535.00;0.38;0
39;rocket_site;1567.00;11.00;1533.00;3.09;0
39;nuclear_reactor;1534.00;11.28;1546.00;6.11;0
40;arms_factory;1522.00;10.70;1405.00;4.41;0
40;arms_factory;1541.00;10.70;1479.00;5.97;0
40;arms_factory;1462.00;10.93;1465.00;2.35;0
40;arms_factory;1567.00;10.45;1438.00;0.19;0
40;arms_factory;1516.00;10.80;1460.00;1.39;0
40;arms_factory;1548.00;11.20;1424.00;4.42;0
40;industrial_complex;1489.00;11.30;1490.00;2.26;0
40;industrial_complex;1527.00;11.00;1393.00;4.92;0
40;industrial_complex;1573.00;11.20;1414.00;0.19;0
40;industrial_complex;1554.00;10.23;1443.00;2.86;0
40;industrial_complex;1581.00;10.55;1425.00;0.70;0
40;industrial_complex;1511.00;11.30;1448.00;1.91;0
40;air_base;1508.00;11.23;1493.00;4.93;0
40;naval_base;1581.00;9.95;1456.00;-3.31;603
40;naval_base;1590.00;10.05;1432.00;-4.56;603
40;naval_base;1603.00;10.00;1419.00;-4.15;603
40;bunker;1524.00;10.70;1437.00;3.37;0
40;bunker;1506.00;11.30;1473.00;6.04;0
40;bunker;1582.00;10.95;1399.00;2.42;0
40;bunker;1530.00;10.82;1403.00;0.26;0
40;bunker;1507.00;11.00;1484.00;0.36;0
40;bunker;1498.00;11.70;1444.00;4.48;0
40;bunker;1548.00;11.30;1396.00;0.86;0
40;bunker;1495.00;11.60;1468.00;3.88;0
40;bunker;1575.00;10.45;1439.00;5.09;0
40;bunker;1563.00;10.30;1446.00;2.93;0
40;coastal_bunker;1553.00;9.95;1461.00;-3.31;0
40;coastal_bunker;1587.00;10.05;1436.00;-4.56;0
40;coastal_bunker;1608.00;10.10;1418.00;-4.15;0
40;dockyard;1592.00;9.98;1431.00;-4.56;0
40;anti_air_building;1542.00;11.20;1497.00;4.04;0
40;anti_air_building;1497.00;11.30;1486.00;5.60;0
40;anti_air_building;1538.00;10.82;1380.00;3.44;0
40;synthetic_refinery;1587.00;10.98;1401.00;4.64;0
40;fuel_silo;1549.00;10.43;1440.00;2.48;0
40;radar_station;1535.00;10.43;1443.00;5.18;0
40;rocket_site;1571.00;10.25;1461.00;0.43;0
40;nuclear_reactor;1527.00;11.40;1489.00;3.09;0
41;arms_factory;1446.00;10.45;1547.00;2.35;0
41;arms_factory;1499.00;10.30;1564.00;0.19;0
41;arms_factory;1486.00;10.20;1536.00;1.39;0
41;arms_factory;1467.00;10.70;1568.00;4.42;0
41;arms_factory;1489.00;10.10;1533.00;2.26;0
41;arms_factory;1449.00;10.35;1504.00;4.92;0
41;industrial_complex;1469.00;10.98;1537.00;0.19;0
41;industrial_complex;1507.00;10.60;1570.00;2.86;0
41;industrial_complex;1477.00;10.30;1522.00;0.70;0
41;industrial_complex;1501.00;10.95;1498.00;1.91;0
41;industrial_complex;1490.00;10.00;1527.00;4.93;0
41;industrial_complex;1503.00;10.60;1590.00;1.31;0
41;air_base;1452.00;10.73;1544.00;3.97;0
41;bunker;1518.00;11.00;1562.00;0.35;0
41;bunker;1475.00;10.38;1576.00;3.37;0
41;bunker;1458.00;10.80;1528.00;6.04;0
41;bunker;1507.00;10.85;1534.00;2.42;0
41;bunker;1492.00;9.93;1519.00;0.26;0
41;bunker;1510.00;10.45;1592.00;0.36;0
41;anti_air_building;1503.00;10.38;1568.00;4.48;0
41;anti_air_building;1483.00;10.00;1520.00;0.86;0
41;anti_air_building;1490.00;10.25;1559.00;3.88;0
41;synthetic_refinery;1520.00;11.28;1525.00;5.09;0
41;fuel_silo;1496.00;10.28;1589.00;2.93;0
41;radar_station;1478.00;10.30;1547.00;4.94;0
41;rocket_site;1507.00;10.60;1561.00;0.87;0
41;nuclear_reactor;1475.00;10.95;1531.00;4.99;0
42;arms_factory;1473.00;11.75;1426.00;1.39;0
42;arms_factory;1475.00;11.75;1422.00;4.42;0
42;arms_factory;1399.00;11.43;1513.00;2.26;0
42;arms_factory;1454.00;11.75;1454.00;4.92;0
42;arms_factory;1344.00;10.70;1474.00;0.19;0
42;arms_factory;1360.00;13.20;1443.00;2.86;0
42;industrial_complex;1382.00;12.88;1432.00;0.70;0
42;industrial_complex;1401.00;10.70;1494.00;1.91;0
42;industrial_complex;1391.00;11.20;1482.00;4.93;0
42;industrial_complex;1464.00;12.10;1419.00;1.31;0
42;industrial_complex;1470.00;11.70;1432.00;3.97;0
42;industrial_complex;1400.00;11.05;1506.00;0.35;0
42;air_base;1412.00;10.00;1521.00;3.37;0
42;bunker;1444.00;12.73;1461.00;6.04;0
42;bunker;1431.00;11.73;1481.00;2.42;0
42;bunker;1375.00;12.95;1437.00;0.26;0
42;bunker;1416.00;12.15;1448.00;0.36;0
42;bunker;1470.00;12.10;1394.00;4.48;0
42;bunker;1411.00;11.55;1412.00;0.86;0
42;bunker;1382.00;10.85;1494.00;3.88;0
42;bunker;1342.00;11.80;1457.00;5.09;0
42;bunker;1470.00;11.85;1427.00;2.93;0
42;bunker;1413.00;11.10;1471.00;5.59;0
42;bunker;1412.00;10.30;1525.00;0.87;0
42;anti_air_building;1475.00;12.00;1407.00;4.99;0
42;anti_air_building;1368.00;12.20;1454.00;1.38;0
42;anti_air_building;1425.00;12.50;1438.00;4.04;0
42;synthetic_refinery;1426.00;12.50;1458.00;5.60;0
42;fuel_silo;1386.00;10.90;1495.00;3.44;0
42;radar_station;1418.00;12.25;1457.00;5.59;0
42;rocket_site;1384.00;11.85;1465.00;2.48;0
42;nuclear_reactor;1419.00;10.30;1519.00;4.05;0
43;arms_factory;1386.00;13.20;1572.00;2.26;0
43;arms_factory;1412.00;11.80;1655.00;4.92;0
43;arms_factory;1409.00;10.65;1670.00;0.19;0
43;arms_factory;1355.00;11.40;1537.00;2.86;0
43;arms_factory;1352.00;11.00;1553.00;0.70;0
43;arms_factory;1368.00;11.45;1600.00;1.91;0
43;industrial_complex;1392.00;10.20;1668.00;4.93;0
43;industrial_complex;1396.00;13.38;1583.00;1.31;0
43;industrial_complex;1445.00;12.30;1620.00;3.97;0
43;industrial_complex;1468.00;10.00;1593.00;0.35;0
43;industrial_complex;1402.00;13.62;1565.00;3.37;0
43;industrial_complex;1405.00;12.12;1647.00;6.04;0
43;air_base;1375.00;10.88;1522.00;2.42;0
43;bunker;1436.00;11.28;1659.00;0.26;0
43;bunker;1448.00;10.45;1560.00;0.36;0
43;bunker;1403.00;13.60;1578.00;4.48;0
43;bunker;1377.00;12.15;1591.00;0.86;0
43;bunker;1403.00;10.85;1526.00;3.88;0
43;bunker;1370.00;11.48;1538.00;5.09;0
43;bunker;1434.00;12.10;1614.00;2.93;0
43;bunker;1469.00;10.28;1596.00;5.59;0
43;bunker;1400.00;10.62;1667.00;0.87;0
43;bunker;1361.00;12.75;1629.00;4.99;0
43;bunker;1427.00;9.98;1679.00;1.38;0
43;bunker;1394.00;13.40;1568.00;4.04;0
43;anti_air_building;1403.00;11.78;1661.00;5.60;0
43;anti_air_building;1423.00;10.00;1676.00;3.44;0
43;anti_air_building;1371.00;11.80;1544.00;4.64;0
43;synthetic_refinery;1360.00;11.55;1560.00;2.48;0
43;fuel_silo;1439.00;11.35;1583.00;4.05;0
43;radar_station;1409.00;12.85;1599.00;0.38;0
43;rocket_site;1409.00;13.73;1588.00;3.09;0
43;nuclear_reactor;1432.00;11.60;1624.00;6.11;0
44;arms_factory;1242.00;10.80;1676.00;0.19;0
44;arms_factory;1298.00;11.88;1696.00;2.86;0
44;arms_factory;1320.00;12.23;1695.00;0.70;0
44;arms_factory;1376.00;10.00;1682.00;1.91;0
44;arms_factory;1322.00;11.70;1588.00;4.93;0
44;arms_factory;1329.00;11.80;1587.00;1.31;0
44;industrial_complex;1254.00;10.73;1653.00;3.97;0
44;industrial_complex;1350.00;12.65;1628.00;0.35;0
44;industrial_complex;1291.00;12.60;1685.00;3.37;0
44;industrial_complex;1284.00;12.15;1685.00;6.04;0
44;industrial_complex;1186.00;11.75;1676.00;2.42;0
44;industrial_complex;1365.00;10.90;1695.00;0.26;0
44;air_base;1357.00;11.15;1695.00;0.36;0
44;bunker;1353.00;11.95;1570.00;4.48;0
44;bunker;1260.00;11.35;1697.00;0.86;0
44;bunker;1360.00;11.45;1688.00;3.88;0
44;bunker;1322.00;12.35;1694.00;5.09;0
44;bunker;1352.00;11.50;1604.00;2.93;0
44;bunker;1295.00;11.70;1657.00;5.59;0
44;bunker;1317.00;11.40;1637.00;0.87;0
44;bunker;1185.00;13.35;1699.00;4.99;0
44;bunker;1217.00;9.90;1637.00;1.38;0
44;bunker;1246.00;10.60;1661.00;4.04;0
44;bunker;1202.00;10.20;1658.00;5.60;0
44;bunker;1282.00;11.25;1669.00;3.44;0
44;bunker;1288.00;11.30;1649.00;4.64;0
44;bunker;1338.00;12.15;1650.00;2.48;0
44;anti_air_building;1302.00;12.45;1685.00;4.05;0
44;anti_air_building;1234.00;10.00;1639.00;0.43;0
44;anti_air_building;1384.00;10.05;1695.00;3.09;0
44;synthetic_refinery;1361.00;12.75;1668.00;6.11;0
44;fuel_silo;1353.00;12.50;1668.00;3.95;0
44;radar_station;1295.00;11.28;1646.00;0.31;0
44;rocket_site;1269.00;10.40;1634.00;3.00;0
44;nuclear_reactor;1261.00;10.35;1634.00;4.56;0
45;arms_factory;1195.00;11.40;1530.00;0.70;0
45;arms_factory;1161.00;10.80;1527.00;1.91;0
45;arms_factory;1184.00;10.10;1484.00;4.93;0
45;arms_factory;1234.00;10.55;1493.00;1.31;0
45;arms_factory;1096.00;9.98;1507.00;3.97;0
45;arms_factory;1134.00;10.40;1519.00;0.35;0
45;industrial_complex;1207.00;10.98;1521.00;3.37;0
45;industrial_complex;1147.00;10.20;1497.00;6.04;0
45;industrial_complex;1191.00;11.50;1545.00;2.42;0
45;industrial_complex;1213.00;9.95;1485.00;0.26;0
45;industrial_complex;1132.00;11.50;1576.00;0.36;0
45;industrial_complex;1151.00;10.60;1508.00;4.48;0
45;air_base;1082.00;10.20;1523.00;0.86;0
45;naval_base;1067.00;9.68;1518.00;-0.79;651
45;naval_base;1153.00;9.50;1490.00;-0.36;651
45;naval_base;1126.00;9.50;1493.00;-0.21;651
45;naval_base;1182.00;9.50;1471.00;-0.11;651
45;bunker;1203.00;10.78;1503.00;0.87;0
45;bunker;1109.00;10.20;1506.00;4.99;0
45;bunker;1092.00;10.20;1559.00;1.38;0
45;bunker;1187.00;11.20;1534.00;4.04;0
45;bunker;1116.00;10.15;1536.00;5.60;0
45;bunker;1192.00;11.35;1511.00;3.44;0
45;bunker;1119.00;10.60;1557.00;4.64;0
45;bunker;1131.00;10.40;1536.00;2.48;0
45;bunker;1090.00;10.20;1537.00;4.05;0
45;bunker;1125.00;10.30;1548.00;0.43;0
45;bunker;1167.00;10.30;1492.00;3.09;0
45;coastal_bunker;1105.00;9.68;1501.00;-0.79;0
45;coastal_bunker;1154.00;9.68;1490.00;-0.36;0
45;coastal_bunker;1184.00;9.50;1469.00;-0.11;0
45;coastal_bunker;1127.00;9.50;1492.00;-0.21;0
45;dockyard;1123.00;9.50;1494.00;-0.21;0
45;anti_air_building;1181.00;10.10;1485.00;0.94;0
45;anti_air_building;1200.00;10.40;1494.00;3.60;0
45;anti_air_building;1077.00;10.00;1564.00;1.44;0
45;synthetic_refinery;1148.00;10.48;1519.00;1.55;0
45;fuel_silo;1129.00;10.35;1544.00;5.67;0
45;radar_station;1152.00;10.35;1529.00;1.33;0
45;rocket_site;1205.00;11.25;1545.00;4.71;0
45;nuclear_reactor;1068.00;10.00;1527.00;1.45;0
46;arms_factory;873.00;10.45;1621.00;4.93;0
46;arms_factory;881.00;10.85;1609.00;1.31;0
46;arms_factory;902.00;11.35;1646.00;3.97;0
46;arms_factory;927.00;12.30;1641.00;0.35;0
46;arms_factory;905.00;11.28;1620.00;3.37;0
46;arms_factory;897.00;10.95;1608.00;6.04;0
46;industrial_complex;910.00;10.00;1583.00;2.42;0
46;industrial_complex;912.00;11.50;1641.00;0.26;0
46;industrial_complex;926.00;11.60;1630.00;0.36;0
46;industrial_complex;891.00;10.65;1597.00;4.48;0
46;industrial_complex;911.00;10.00;1582.00;0.86;0
46;industrial_complex;963.00;10.40;1584.00;3.88;0
46;air_base;944.00;10.93;1601.00;5.09;0
46;naval_base;983.00;9.50;1542.00;-0.67;665
46;naval_base;945.00;9.50;1562.00;0.39;665
46;bunker;892.00;11.20;1636.00;0.87;0
46;bunker;932.00;11.10;1605.00;4.99;0
46;bunker;899.00;10.70;1595.00;1.38;0
46;bunker;879.00;10.73;1639.00;4.04;0
46;bunker;980.00;10.85;1579.00;5.60;0
46;bunker;919.00;11.50;1635.00;3.44;0
46;bunker;955.00;10.30;1569.00;4.64;0
46;bunker;974.00;10.00;1551.00;2.48;0
46;coastal_bunker;962.00;9.65;1554.00;-0.67;0
46;coastal_bunker;946.00;9.68;1562.00;0.39;0
46;dockyard;967.00;9.50;1551.00;-0.67;0
46;anti_air_building;932.00;10.23;1577.00;6.11;0
46;anti_air_building;937.00;12.75;1645.00;3.95;0
46;anti_air_building;940.00;11.23;1606.00;5.16;0
46;synthetic_refinery;902.00;10.78;1600.00;3.00;0
46;fuel_silo;922.00;10.20;1589.00;4.56;0
46;radar_station;929.00;11.25;1610.00;1.02;0
46;rocket_site;970.00;11.55;1605.00;3.60;0
46;nuclear_reactor;894.00;11.38;1670.00;1.44;0
47;arms_factory;1223.00;9.90;1480.00;3.97;0
47;arms_factory;1227.00;10.35;1468.00;0.35;0
47;arms_factory;1216.00;10.40;1453.00;3.37;0
47;arms_factory;1210.00;10.23;1415.00;6.04;0
47;arms_factory;1219.00;10.00;1472.00;2.42;0
47;arms_factory;1241.00;10.95;1456.00;0.26;0
47;industrial_complex;1202.00;10.00;1431.00;0.36;0
47;industrial_complex;1210.00;10.40;1461.00;4.48;0
47;industrial_complex;1234.00;10.80;1460.00;0.86;0
47;industrial_complex;1217.00;10.70;1436.00;3.88;0
47;industrial_complex;1215.00;10.48;1464.00;5.09;0
47;industrial_complex;1217.00;10.55;1464.00;2.93;0
47;air_base;1233.00;10.90;1447.00;5.59;0
47;naval_base;1210.00;9.50;1411.00;-0.86;651
47;naval_base;1184.00;9.50;1467.00;-1.33;651
47;bunker;1236.00;10.82;1451.00;1.38;0
47;bunker;1215.00;9.98;1473.00;4.04;0
47;bunker;1208.00;10.05;1424.00;5.60;0
47;coastal_bunker;1187.00;9.50;1453.00;-1.33;0
47;coastal_bunker;1208.00;9.73;1413.00;-0.86;0
47;dockyard;1183.00;9.50;1461.00;-1.33;0
47;anti_air_building;1231.00;10.78;1459.00;4.05;0
47;anti_air_building;1196.00;10.23;1474.00;0.43;0
47;anti_air_building;1185.00;9.95;1464.00;3.09;0
47;synthetic_refinery;1198.00;10.10;1448.00;6.11;0
47;fuel_silo;1226.00;10.85;1446.00;3.95;0
47;radar_station;1216.00;10.50;1450.00;0.31;0
47;rocket_site;1204.00;10.20;1452.00;3.00;0
47;nuclear_reactor;1230.00;10.80;1450.00;4.56;0
48;arms_factory;1484.00;11.55;1368.00;3.37;0
48;arms_factory;1620.00;10.20;1363.00;6.04;0
48;arms_factory;1493.00;11.73;1363.00;2.42;0
48;arms_factory;1510.00;11.20;1358.00;0.26;0
48;arms_factory;1594.00;10.30;1352.00;0.36;0
48;arms_factory;1522.00;10.70;1368.00;4.48;0
48;industrial_complex;1513.00;10.43;1396.00;0.86;0
48;industrial_complex;1529.00;9.93;1339.00;3.88;0
48;industrial_complex;1481.00;10.80;1347.00;5.09;0
48;industrial_complex;1449.00;11.45;1357.00;2.93;0
48;industrial_complex;1468.00;10.00;1334.00;5.59;0
48;industrial_complex;1432.00;12.28;1389.00;0.87;0
48;air_base;1589.00;10.40;1363.00;4.99;0
48;naval_base;1430.00;9.73;1318.00;0.71;648
48;naval_base;1626.00;9.95;1369.00;1.11;603
48;naval_base;1621.00;10.00;1384.00;-4.00;603
48;naval_base;1458.00;9.50;1333.00;-0.35;648
48;naval_base;1505.00;9.50;1326.00;0.28;648
48;naval_base;1548.00;9.50;1336.00;0.05;648
48;naval_base;1596.00;9.95;1330.00;0.07;648
48;bunker;1585.00;10.48;1355.00;0.43;0
48;bunker;1443.00;11.75;1362.00;3.09;0
48;bunker;1611.00;10.32;1407.00;6.11;0
48;bunker;1609.00;10.35;1367.00;3.95;0
48;bunker;1483.00;9.90;1327.00;5.16;0
48;bunker;1508.00;11.35;1368.00;3.00;0
48;bunker;1474.00;11.73;1361.00;4.56;0
48;bunker;1505.00;10.20;1333.00;0.94;0
48;bunker;1578.00;10.93;1380.00;3.60;0
48;bunker;1435.00;12.30;1392.00;1.44;0
48;bunker;1552.00;10.00;1360.00;1.55;0
48;bunker;1432.00;10.50;1339.00;5.67;0
48;coastal_bunker;1466.00;9.50;1333.00;-0.35;0
48;coastal_bunker;1575.00;9.50;1327.00;0.07;0
48;coastal_bunker;1447.00;9.50;1333.00;0.71;0
48;coastal_bunker;1613.00;9.98;1351.00;1.11;0
48;coastal_bunker;1619.00;10.00;1386.00;-4.00;0
48;coastal_bunker;1536.00;9.50;1336.00;0.28;0
48;coastal_bunker;1560.00;9.50;1334.00;0.05;0
48;dockyard;1618.00;10.05;1400.00;-4.00;0
48;anti_air_building;1509.00;10.28;1396.00;5.22;0
48;anti_air_building;1525.00;10.00;1339.00;0.50;0
48;anti_air_building;1478.00;10.80;1347.00;4.62;0
48;synthetic_refinery;1445.00;11.45;1357.00;5.83;0
48;fuel_silo;1464.00;10.00;1334.00;3.67;0
48;radar_station;1517.00;10.90;1367.00;0.03;0
48;rocket_site;1498.00;9.95;1327.00;1.61;0
48;nuclear_reactor;1440.00;12.50;1373.00;5.73;0
49;arms_factory;1059.00;11.18;1721.00;2.42;0
49;arms_factory;1011.00;11.00;1707.00;0.26;0
49;arms_factory;960.00;12.65;1731.00;0.36;0
49;arms_factory;1049.00;12.90;1735.00;4.48;0
49;arms_factory;1047.00;10.78;1726.00;0.86;0
49;arms_factory;1049.00;16.58;1751.00;3.88;0
49;industrial_complex;1032.00;15.60;1748.00;5.09;0
49;industrial_complex;1057.00;10.75;1708.00;2.93;0
49;industrial_complex;1074.00;18.40;1768.00;5.59;0
49;industrial_complex;1005.00;12.20;1734.00;0.87;0
49;industrial_complex;1031.00;10.55;1720.00;4.99;0
49;industrial_complex;1059.00;16.05;1745.00;1.38;0
49;air_base;1009.00;10.90;1717.00;4.04;0
49;bunker;1038.00;10.70;1703.00;5.60;0
49;bunker;1022.00;10.80;1721.00;3.44;0
49;bunker;952.00;14.50;1748.00;4.64;0
49;bunker;1068.00;13.55;1728.00;2.48;0
49;bunker;995.00;10.90;1720.00;4.05;0
49;anti_air_building;1010.00;11.30;1691.00;0.43;0
49;anti_air_building;981.00;11.80;1734.00;3.09;0
49;anti_air_building;1071.00;11.93;1720.00;6.11;0
49;synthetic_refinery;1060.00;10.75;1713.00;3.95;0
49;fuel_silo;1050.00;17.33;1755.00;5.16;0
49;radar_station;1015.00;11.60;1729.00;1.78;0
49;rocket_site;977.00;14.93;1755.00;4.56;0
49;nuclear_reactor;989.00;11.25;1728.00;0.94;0
50;arms_factory;1062.00;9.90;1534.00;0.36;0
50;arms_factory;1063.00;9.95;1528.00;4.48;0
50;arms_factory;1050.00;10.30;1585.00;0.86;0
50;arms_factory;987.00;10.00;1546.00;3.88;0
50;arms_factory;1044.00;9.93;1559.00;5.09;0
50;arms_factory;1012.00;10.20;1582.00;2.93;0
50;industrial_complex;1031.00;9.90;1537.00;5.59;0
50;industrial_complex;1000.00;10.45;1570.00;0.87;0
50;industrial_complex;1050.00;10.00;1568.00;4.99;0
50;industrial_complex;1040.00;9.98;1548.00;1.38;0
50;industrial_complex;1050.00;10.30;1585.00;4.04;0
50;industrial_complex;1019.00;10.90;1566.00;5.60;0
50;air_base;988.00;10.00;1557.00;3.44;0
50;naval_base;1055.00;9.50;1523.00;0.00;651
50;naval_base;1005.00;9.50;1538.00;-0.52;665
50;naval_base;989.00;9.65;1542.00;-0.23;665
50;bunker;1041.00;10.48;1584.00;0.43;0
50;bunker;1046.00;10.00;1546.00;3.09;0
50;bunker;1019.00;10.90;1563.00;6.11;0
50;bunker;1014.00;10.00;1538.00;3.95;0
50;bunker;991.00;10.05;1550.00;5.16;0
50;coastal_bunker;1026.00;9.65;1533.00;-0.52;0
50;coastal_bunker;1053.00;9.50;1524.00;0.00;0
50;coastal_bunker;995.00;9.50;1541.00;-0.23;0
50;dockyard;1053.00;9.50;1526.00;0.00;0
50;anti_air_building;1003.00;10.05;1544.00;1.44;0
50;anti_air_building;1042.00;10.00;1558.00;1.55;0
50;anti_air_building;1014.00;10.32;1581.00;5.67;0
50;synthetic_refinery;1025.00;10.00;1536.00;2.05;0
50;fuel_silo;1004.00;10.70;1568.00;4.71;0
50;radar_station;1028.00;10.55;1560.00;2.02;0
50;rocket_site;1037.00;9.95;1547.00;4.11;0
50;nuclear_reactor;1041.00;10.48;1584.00;0.50;0
51;arms_factory;1304.00;11.45;1462.00;0.86;0
51;arms_factory;1304.00;11.80;1451.00;3.88;0
51;arms_factory;1236.00;10.93;1508.00;5.09;0
51;arms_factory;1321.00;11.60;1460.00;2.93;0
51;arms_factory;1247.00;10.90;1495.00;5.59;0
51;arms_factory;1320.00;10.65;1473.00;0.87;0
51;industrial_complex;1247.00;11.10;1504.00;4.99;0
51;industrial_complex;1251.00;11.10;1492.00;1.38;0
51;industrial_complex;1320.00;10.85;1470.00;4.04;0
51;industrial_complex;1240.00;10.65;1503.00;5.60;0
51;industrial_complex;1290.00;10.90;1545.00;3.44;0
51;industrial_complex;1250.00;11.10;1510.00;4.64;0
51;air_base;1275.00;12.25;1501.00;2.48;0
51;bunker;1286.00;10.90;1541.00;4.05;0
51;bunker;1315.00;10.40;1484.00;0.43;0
51;bunker;1288.00;11.32;1458.00;3.09;0
51;bunker;1271.00;10.90;1548.00;6.11;0
51;bunker;1276.00;12.38;1500.00;3.95;0
51;bunker;1324.00;10.82;1522.00;5.16;0
51;bunker;1327.00;11.90;1457.00;3.00;0
51;bunker;1227.00;11.10;1522.00;4.56;0
51;bunker;1362.00;10.50;1513.00;0.94;0
51;bunker;1259.00;11.35;1481.00;3.60;0
51;anti_air_building;1347.00;11.35;1518.00;1.44;0
51;anti_air_building;1293.00;12.23;1499.00;1.55;0
51;anti_air_building;1335.00;10.90;1526.00;5.67;0
51;synthetic_refinery;1289.00;12.18;1492.00;2.05;0
51;fuel_silo;1345.00;11.15;1538.00;4.71;0
51;radar_station;1290.00;12.20;1504.00;2.02;0
51;rocket_site;1291.00;11.82;1490.00;4.11;0
51;nuclear_reactor;1345.00;11.05;1535.00;0.50;0
52;arms_factory;1084.00;10.40;1660.00;5.09;0
52;arms_factory;1168.00;13.75;1747.00;2.93;0
52;arms_factory;1154.00;10.55;1732.00;5.59;0
52;arms_factory;1076.00;10.40;1673.00;0.87;0
52;arms_factory;1107.00;11.10;1715.00;4.99;0
52;arms_factory;1080.00;10.35;1663.00;1.38;0
52;industrial_complex;1119.00;11.30;1727.00;4.04;0
52;industrial_complex;1134.00;9.98;1716.00;5.60;0
52;industrial_complex;1074.00;10.40;1675.00;3.44;0
52;industrial_complex;1090.00;11.25;1698.00;4.64;0
52;industrial_complex;1173.00;13.70;1729.00;2.48;0
52;industrial_complex;1124.00;10.68;1731.00;4.05;0
52;air_base;1141.00;10.00;1718.00;0.43;0
52;bunker;1083.00;10.38;1660.00;3.09;0
52;bunker;1095.00;10.90;1713.00;6.11;0
52;bunker;1175.00;12.80;1744.00;3.95;0
52;bunker;1169.00;12.05;1678.00;5.16;0
52;bunker;1160.00;10.98;1742.00;3.00;0
52;bunker;1130.00;11.35;1672.00;4.56;0
52;bunker;1106.00;13.23;1734.00;0.94;0
52;anti_air_building;1133.00;10.00;1716.00;3.60;0
52;anti_air_building;1072.00;10.40;1675.00;1.44;0
52;anti_air_building;1088.00;11.20;1698.00;1.55;0
52;synthetic_refinery;1172.00;13.75;1729.00;5.67;0
52;fuel_silo;1087.00;19.23;1758.00;2.05;0
52;radar_station;1124.00;10.95;1709.00;5.37;0
52;rocket_site;1081.00;10.30;1660.00;1.45;0
52;nuclear_reactor;1104.00;10.80;1700.00;4.11;0
53;arms_factory;1036.00;10.20;1614.00;5.59;0
53;arms_factory;1061.00;10.35;1638.00;0.87;0
53;arms_factory;1064.00;10.43;1632.00;4.99;0
53;arms_factory;1019.00;10.38;1622.00;1.38;0
53;arms_factory;1068.00;10.40;1651.00;4.04;0
53;arms_factory;1073.00;10.30;1641.00;5.60;0
53;industrial_complex;1038.00;10.20;1629.00;3.44;0
53;industrial_complex;1038.00;10.40;1592.00;4.64;0
53;industrial_complex;1063.00;10.40;1660.00;2.48;0
53;industrial_complex;1029.00;10.00;1638.00;4.05;0
53;industrial_complex;1038.00;10.20;1632.00;0.43;0
53;industrial_complex;984.00;11.45;1625.00;3.09;0
53;air_base;981.00;11.55;1619.00;6.11;0
53;bunker;1051.00;10.30;1640.00;3.95;0
53;bunker;962.00;11.85;1628.00;5.16;0
53;bunker;982.00;11.43;1609.00;3.00;0
53;bunker;1052.00;10.40;1609.00;4.56;0
53;bunker;1062.00;10.40;1648.00;0.94;0
53;bunker;1051.00;10.40;1678.00;3.60;0
53;bunker;1005.00;11.20;1684.00;1.44;0
53;anti_air_building;1015.00;10.40;1619.00;1.55;0
53;anti_air_building;977.00;11.70;1639.00;5.67;0
53;anti_air_building;976.00;11.78;1635.00;2.05;0
53;synthetic_refinery;1041.00;10.20;1624.00;4.71;0
53;fuel_silo;993.00;10.70;1646.00;1.45;0
53;radar_station;1026.00;10.28;1641.00;3.50;0
53;rocket_site;1026.00;10.00;1635.00;0.50;0
53;nuclear_reactor;1052.00;10.32;1628.00;2.05;0
54;arms_factory;948.00;11.65;1715.00;4.99;0
54;arms_factory;959.00;11.30;1701.00;1.38;0
54;arms_factory;937.00;11.40;1703.00;4.04;0
54;arms_factory;923.00;11.82;1669.00;5.60;0
54;arms_factory;938.00;12.15;1750.00;3.44;0
54;arms_factory;913.00;11.80;1692.00;4.64;0
54;industrial_complex;979.00;10.98;1667.00;2.48;0
54;industrial_complex;926.00;12.10;1695.00;4.05;0
54;industrial_complex;973.00;10.70;1715.00;0.43;0
54;industrial_complex;952.00;11.60;1715.00;3.09;0
54;industrial_complex;911.00;11.80;1680.00;6.11;0
54;industrial_complex;974.00;11.30;1655.00;3.95;0
54;air_base;928.00;11.73;1669.00;5.16;0
54;bunker;949.00;11.40;1683.00;3.00;0
54;bunker;950.00;11.50;1699.00;4.56;0
54;bunker;979.00;10.60;1705.00;0.94;0
54;bunker;915.00;11.88;1669.00;3.60;0
54;anti_air_building;977.00;10.75;1715.00;1.44;0
54;anti_air_building;942.00;12.60;1653.00;1.55;0
54;anti_air_building;916.00;11.90;1680.00;5.67;0
54;synthetic_refinery;974.00;10.75;1696.00;2.05;0
54;fuel_silo;945.00;11.43;1696.00;4.71;0
54;radar_station;943.00;11.40;1697.00;2.02;0
54;rocket_site;946.00;12.82;1739.00;4.11;0
54;nuclear_reactor;979.00;10.78;1711.00;0.50;0
55;arms_factory;1384.00;12.30;1399.00;4.04;0
55;arms_factory;1373.00;12.32;1398.00;5.60;0
55;arms_factory;1427.00;11.70;1362.00;3.44;0
55;arms_factory;1430.00;12.15;1369.00;4.64;0
55;arms_factory;1400.00;10.35;1331.00;2.48;0
55;arms_factory;1383.00;10.93;1354.00;4.05;0
55;industrial_complex;1382.00;10.88;1352.00;0.43;0
55;industrial_complex;1351.00;12.65;1402.00;3.09;0
55;industrial_complex;1346.00;12.40;1400.00;6.11;0
55;industrial_complex;1355.00;13.20;1425.00;3.95;0
55;industrial_complex;1357.00;12.15;1391.00;5.16;0
55;industrial_complex;1356.00;12.00;1389.00;3.00;0
55;air_base;1389.00;12.20;1385.00;4.56;0
55;naval_base;1410.00;9.50;1319.00;-0.08;648
55;naval_base;1365.00;9.50;1336.00;-0.67;676
55;naval_base;1346.00;9.50;1359.00;-0.26;676
55;bunker;1415.00;9.95;1317.00;1.55;0
55;bunker;1381.00;12.40;1399.00;5.67;0
55;bunker;1388.00;11.50;1372.00;2.05;0
55;bunker;1418.00;11.30;1348.00;4.71;0
55;bunker;1349.00;10.28;1365.00;1.45;0
55;bunker;1343.00;12.55;1424.00;4.11;0
55;bunker;1364.00;10.23;1350.00;0.50;0
55;coastal_bunker;1393.00;9.50;1326.00;-0.08;0
55;coastal_bunker;1345.00;9.50;1359.00;-0.26;0
55;coastal_bunker;1354.00;9.50;1353.00;-0.67;0
55;dockyard;1407.00;9.73;1321.00;-0.08;0
55;anti_air_building;1416.00;11.90;1369.00;0.50;0
55;anti_air_building;1420.00;12.23;1376.00;4.62;0
55;anti_air_building;1418.00;11.00;1336.00;5.83;0
55;synthetic_refinery;1400.00;10.70;1335.00;3.67;0
55;fuel_silo;1391.00;11.40;1367.00;0.40;0
55;radar_station;1383.00;11.80;1378.00;2.97;0
55;rocket_site;1366.00;12.70;1407.00;5.73;0
55;nuclear_reactor;1348.00;10.65;1373.00;2.12;0
56;arms_factory;1234.00;11.95;1560.00;3.44;0
56;arms_factory;1256.00;10.50;1613.00;4.64;0
56;arms_factory;1274.00;10.85;1619.00;2.48;0
56;arms_factory;1271.00;10.45;1626.00;4.05;0
56;arms_factory;1267.00;11.00;1606.00;0.43;0
56;arms_factory;1274.00;10.90;1612.00;3.09;0
56;industrial_complex;1311.00;11.32;1592.00;6.11;0
56;industrial_complex;1284.00;11.40;1596.00;3.95;0
56;industrial_complex;1276.00;11.23;1604.00;5.16;0
56;industrial_complex;1286.00;11.20;1585.00;3.00;0
56;industrial_complex;1282.00;11.32;1592.00;4.56;0
56;industrial_complex;1276.00;11.00;1574.00;0.94;0
56;air_base;1294.00;11.28;1579.00;3.60;0
56;bunker;1312.00;11.35;1584.00;1.44;0
56;bunker;1267.00;11.25;1596.00;1.55;0
56;bunker;1252.00;10.93;1579.00;5.67;0
56;bunker;1258.00;11.20;1588.00;2.05;0
56;anti_air_building;1304.00;10.80;1559.00;4.71;0
56;anti_air_building;1297.00;10.98;1567.00;1.45;0
56;anti_air_building;1251.00;10.48;1606.00;4.11;0
56;synthetic_refinery;1234.00;10.00;1617.00;0.50;0
56;fuel_silo;1254.00;11.23;1591.00;2.05;0
56;radar_station;1268.00;11.20;1589.00;5.67;0
56;rocket_site;1223.00;10.60;1605.00;1.10;0
56;nuclear_reactor;1233.00;11.30;1584.00;5.22;0
57;arms_factory;1195.00;10.00;1633.00;2.48;0
57;arms_factory;1068.00;10.25;1587.00;4.05;0
57;arms_factory;1182.00;10.20;1599.00;0.43;0
57;arms_factory;1149.00;11.10;1619.00;3.09;0
57;arms_factory;1206.00;9.90;1613.00;6.11;0
57;arms_factory;1113.00;11.20;1650.00;3.95;0
57;industrial_complex;1192.00;10.25;1618.00;5.16;0
57;industrial_complex;1207.00;10.60;1575.00;3.00;0
57;industrial_complex;1102.00;11.20;1618.00;4.56;0
57;industrial_complex;1173.00;10.90;1661.00;0.94;0
57;industrial_complex;1129.00;11.70;1625.00;3.60;0
57;industrial_complex;1146.00;11.70;1661.00;1.44;0
57;air_base;1162.00;9.98;1598.00;1.55;0
57;bunker;1194.00;10.00;1633.00;5.67;0
57;bunker;1160.00;10.40;1619.00;2.05;0
57;bunker;1195.00;10.00;1629.00;4.71;0
57;bunker;1138.00;11.80;1665.00;1.45;0
57;bunker;1102.00;11.20;1653.00;4.11;0
57;bunker;1191.00;10.82;1560.00;0.50;0
57;bunker;1121.00;11.43;1620.00;2.05;0
57;bunker;1153.00;10.85;1583.00;6.18;0
57;bunker;1084.00;10.75;1601.00;1.10;0
57;bunker;1136.00;11.35;1592.00;5.22;0
57;anti_air_building;1127.00;11.70;1625.00;0.50;0
57;anti_air_building;1147.00;11.10;1608.00;4.62;0
57;anti_air_building;1161.00;9.98;1598.00;5.83;0
57;synthetic_refinery;1089.00;10.88;1644.00;3.67;0
57;fuel_silo;1224.00;10.20;1611.00;0.40;0
57;radar_station;1141.00;11.50;1609.00;2.97;0
57;rocket_site;1100.00;11.25;1613.00;5.73;0
57;nuclear_reactor;1196.00;10.40;1574.00;2.12;0